freq. ,flux ,err_flux ,MJD_start ,MJD_end ,flag,catalog,reference
 1.400e+09, 1.110e-14, 3.350e-16,  55000.0000,  55000.0000,  ,NVSS    ,  Condon et al. 1998  AJ  115  1693 
 8.870e+08, 8.348e-15, 5.890e-16,  55000.0000,  55000.0000,  ,RACS    ,  Hale et al. 2021  PASA  38  e058 
 3.000e+09, 2.388e-14, 1.400e-16,  55000.0000,  55000.0000,  ,VLASSQL    ,  Gordon et al. 2021  ApJS  255  30 
 2.418e+17, 1.186e-13, 2.289e-14,  55072.0000,  57593.0000,  ,1OUSX    ,  Giommi et al. in preparation 
 1.209e+17, 1.199e-13, 2.380e-14,  55072.0000,  57593.0000,  ,1OUSX    ,  Giommi et al. in preparation 
 3.627e+17, 1.174e-13, 2.200e-14,  55072.0000,  57593.0000,  ,1OUSX    ,  Giommi et al. in preparation 
 7.253e+17, 1.435e-13, 1.660e-14,  55072.0000,  57593.0000,  ,1OUSX    ,  Giommi et al. in preparation 
 1.088e+18, 1.605e-13, 3.425e-14,  55072.0000,  57593.0000,  ,1OUSX    ,  Giommi et al. in preparation 
 1.500e+08, 1.546e-15, 1.545e-16,  55000.0000,  55000.0000,  ,TGSS150    ,  Intema et al. 2017  A&A  598  A781 
 3.520e+08, 4.889e-15, 1.600e-17,  55000.0000,  55000.0000,  ,WISH352    ,  De Bruce et al. 2002  A&A  394  59 
 5.000e+09, 5.365e-14, 2.700e-15,  55000.0000,  55000.0000,  ,AT20G    ,  Murphy et al. 2010  MNRAS  402  2403 
 8.000e+09, 9.240e-14, 4.800e-15,  55000.0000,  55000.0000,  ,AT20G    ,  Murphy et al. 2010  MNRAS  402  2403 
 2.000e+10, 1.740e-13, 1.140e-14,  55000.0000,  55000.0000,  ,AT20G    ,  Murphy et al. 2010  MNRAS  402  2403 
 8.400e+09, 6.559e-14, 0.000e+00,  55000.0000,  55000.0000,  ,CRATES    ,  Healey et al. 2007  ApJS  171  61 
 4.800e+09, 4.694e-14, 2.495e-15,  55000.0000,  55000.0000,  ,PMN    ,  Griffith et al. 1993-1996  VizieR  VIII/38 
 3.433e+11, 8.925e-13, 2.058e-13,  56093.0000,  56093.0000,  ,ALMA    ,  Bonato et al. 2019  MNRAS  485  1188 
 1.035e+11, 5.174e-13, 1.035e-14,  56667.0000,  56667.0000,  ,ALMA    ,  Bonato et al. 2019  MNRAS  485  1188 
 9.146e+10, 4.482e-13, 9.150e-15,  56667.0000,  56667.0000,  ,ALMA    ,  Bonato et al. 2019  MNRAS  485  1188 
 1.035e+11, 5.071e-13, 1.030e-14,  56667.0000,  56667.0000,  ,ALMA    ,  Bonato et al. 2019  MNRAS  485  1188 
 9.146e+10, 4.482e-13, 9.150e-15,  56667.0000,  56667.0000,  ,ALMA    ,  Bonato et al. 2019  MNRAS  485  1188 
 3.447e+11, 9.600e-13, 4.795e-14,  57223.9531,  57223.9531,  ,ALMA    ,  Bonato et al. 2019  MNRAS  485  1188 
 9.749e+10, 4.589e-13, 2.290e-14,  57991.9492,  57991.9492,  ,ALMA    ,  Bonato et al. 2019  MNRAS  485  1188 
 3.435e+11, 7.557e-13, 3.780e-14,  57991.9727,  57991.9727,  ,ALMA    ,  Bonato et al. 2019  MNRAS  485  1188 
 1.430e+11, 5.445e-13, 5.840e-14,  55000.0000,  55000.0000,  ,PCCS2143    ,  GHz The Planck Collaboration 2018  A&A  619  A94 
 2.170e+11, 6.883e-13, 6.650e-14,  55000.0000,  55000.0000,  ,PCCS2217    ,  GHz The Planck Collaboration 2018  A&A  619  A94 
 3.000e+10, 2.338e-13, 1.175e-14,  55000.0000,  55000.0000,  ,PCCS2    ,  30 GHz The Planck Collaboration 2018  A&A  619  A94 
 7.000e+10, 4.680e-13, 8.165e-14,  55000.0000,  55000.0000,  ,PCCS2    ,  70 GHz The Planck Collaboration 2018  A&A  619  A94 
 3.000e+10, 2.436e-13, 1.800e-14,  55000.0000,  55000.0000,  ,PCNT    ,  The Planck Collaboration 2018  A&A  619  A94 
 4.400e+10, 3.246e-13, 3.855e-14,  55000.0000,  55000.0000,  ,PCNT    ,  The Planck Collaboration 2018  A&A  619  A94 
 7.000e+10, 3.323e-13, 4.630e-14,  55000.0000,  55000.0000,  ,PCNT    ,  The Planck Collaboration 2018  A&A  619  A94 
 1.000e+11, 4.862e-13, 3.660e-14,  55000.0000,  55000.0000,  ,PCNT    ,  The Planck Collaboration 2018  A&A  619  A94 
 1.430e+11, 5.904e-13, 5.025e-14,  55000.0000,  55000.0000,  ,PCNT    ,  The Planck Collaboration 2018  A&A  619  A94 
 2.170e+11, 7.609e-13, 8.505e-14,  55000.0000,  55000.0000,  ,PCNT    ,  The Planck Collaboration 2018  A&A  619  A94 
 3.530e+11, 1.269e-12, 2.345e-13,  55000.0000,  55000.0000,  ,PCNT    ,  The Planck Collaboration 2018  A&A  619  A94 
 5.450e+11, 1.946e-12, 0.000e+00,  55000.0000,  55000.0000,UL,PCNT     ,  The Planck Collaboration 2018  A&A  619  A94 
 8.570e+11, 6.691e-12, 0.000e+00,  55000.0000,  55000.0000,UL,PCNT     ,  The Planck Collaboration 2018  A&A  619  A94 
 8.817e+13, 1.578e-12, 4.000e-15,  55000.0000,  55000.0000,  ,UNWISE    ,  Schlafly et al. 2019  ApJS  240  30 
 6.517e+13, 1.707e-12, 5.500e-15,  55000.0000,  55000.0000,  ,UNWISE    ,  Schlafly et al. 2019  ApJS  240  30 
 8.817e+13, 1.191e-12, 2.750e-14,  55000.0000,  55000.0000,  ,WISE    ,  Wright et al. 2010  AJ  140  1868 
 6.517e+13, 1.484e-12, 3.150e-14,  55000.0000,  55000.0000,  ,WISE    ,  Wright et al. 2010  AJ  140  1868 
 2.498e+13, 1.933e-12, 5.500e-14,  55000.0000,  55000.0000,  ,WISE    ,  Wright et al. 2010  AJ  140  1868 
 1.363e+13, 2.554e-12, 1.385e-13,  55000.0000,  55000.0000,  ,WISE    ,  Wright et al. 2010  AJ  140  1868 
 8.817e+13, 1.315e-12, 4.250e-14,  56671.6211,  56671.6211,  ,NEOWISE    ,  Mainzer et al. 2014  ApJ  792  30 
 6.517e+13, 1.550e-12, 6.300e-14,  56671.6211,  56671.6211,  ,NEOWISE    ,  Mainzer et al. 2014  ApJ  792  30 
 8.817e+13, 1.291e-12, 5.200e-14,  56671.3555,  56671.3555,  ,NEOWISE    ,  Mainzer et al. 2014  ApJ  792  30 
 6.517e+13, 1.773e-12, 5.700e-14,  56671.3555,  56671.3555,  ,NEOWISE    ,  Mainzer et al. 2014  ApJ  792  30 
 8.817e+13, 1.391e-12, 4.250e-14,  56671.7500,  56671.7500,  ,NEOWISE    ,  Mainzer et al. 2014  ApJ  792  30 
 6.517e+13, 1.583e-12, 5.700e-14,  56671.7500,  56671.7500,  ,NEOWISE    ,  Mainzer et al. 2014  ApJ  792  30 
 8.817e+13, 1.450e-12, 4.950e-14,  56672.0820,  56672.0820,  ,NEOWISE    ,  Mainzer et al. 2014  ApJ  792  30 
 6.517e+13, 1.603e-12, 6.650e-14,  56672.0820,  56672.0820,  ,NEOWISE    ,  Mainzer et al. 2014  ApJ  792  30 
 8.817e+13, 1.406e-12, 4.400e-14,  56671.6836,  56671.6836,  ,NEOWISE    ,  Mainzer et al. 2014  ApJ  792  30 
 6.517e+13, 1.600e-12, 6.050e-14,  56671.6836,  56671.6836,  ,NEOWISE    ,  Mainzer et al. 2014  ApJ  792  30 
 8.817e+13, 1.245e-12, 3.800e-14,  56671.0938,  56671.0938,  ,NEOWISE    ,  Mainzer et al. 2014  ApJ  792  30 
 6.517e+13, 1.452e-12, 5.350e-14,  56671.0938,  56671.0938,  ,NEOWISE    ,  Mainzer et al. 2014  ApJ  792  30 
 8.817e+13, 1.410e-12, 4.900e-14,  56671.6836,  56671.6836,  ,NEOWISE    ,  Mainzer et al. 2014  ApJ  792  30 
 6.517e+13, 1.589e-12, 6.400e-14,  56671.6836,  56671.6836,  ,NEOWISE    ,  Mainzer et al. 2014  ApJ  792  30 
 8.817e+13, 1.354e-12, 4.000e-14,  56671.2227,  56671.2227,  ,NEOWISE    ,  Mainzer et al. 2014  ApJ  792  30 
 6.517e+13, 1.580e-12, 6.000e-14,  56671.2227,  56671.2227,  ,NEOWISE    ,  Mainzer et al. 2014  ApJ  792  30 
 8.817e+13, 1.358e-12, 5.100e-14,  56671.9492,  56671.9492,  ,NEOWISE    ,  Mainzer et al. 2014  ApJ  792  30 
 6.517e+13, 1.715e-12, 6.800e-14,  56671.9492,  56671.9492,  ,NEOWISE    ,  Mainzer et al. 2014  ApJ  792  30 
 8.817e+13, 1.391e-12, 4.350e-14,  56671.4883,  56671.4883,  ,NEOWISE    ,  Mainzer et al. 2014  ApJ  792  30 
 6.517e+13, 1.554e-12, 5.700e-14,  56671.4883,  56671.4883,  ,NEOWISE    ,  Mainzer et al. 2014  ApJ  792  30 
 8.817e+13, 1.410e-12, 5.200e-14,  56671.8164,  56671.8164,  ,NEOWISE    ,  Mainzer et al. 2014  ApJ  792  30 
 6.517e+13, 1.571e-12, 5.950e-14,  56671.8164,  56671.8164,  ,NEOWISE    ,  Mainzer et al. 2014  ApJ  792  30 
 8.817e+13, 1.374e-12, 4.600e-14,  56671.5547,  56671.5547,  ,NEOWISE    ,  Mainzer et al. 2014  ApJ  792  30 
 6.517e+13, 1.505e-12, 5.400e-14,  56671.5547,  56671.5547,  ,NEOWISE    ,  Mainzer et al. 2014  ApJ  792  30 
 8.817e+13, 6.201e-12, 1.140e-13,  57568.9297,  57568.9297,  ,NEOWISE    ,  Mainzer et al. 2014  ApJ  792  30 
 6.517e+13, 6.865e-12, 1.200e-13,  57568.9297,  57568.9297,  ,NEOWISE    ,  Mainzer et al. 2014  ApJ  792  30 
 8.817e+13, 6.392e-12, 1.120e-13,  57569.0586,  57569.0586,  ,NEOWISE    ,  Mainzer et al. 2014  ApJ  792  30 
 6.517e+13, 6.734e-12, 1.240e-13,  57569.0586,  57569.0586,  ,NEOWISE    ,  Mainzer et al. 2014  ApJ  792  30 
 8.817e+13, 6.201e-12, 1.370e-13,  57568.2070,  57568.2070,  ,NEOWISE    ,  Mainzer et al. 2014  ApJ  792  30 
 6.517e+13, 7.202e-12, 1.260e-13,  57568.2070,  57568.2070,  ,NEOWISE    ,  Mainzer et al. 2014  ApJ  792  30 
 8.817e+13, 6.620e-12, 1.280e-13,  57568.4688,  57568.4688,  ,NEOWISE    ,  Mainzer et al. 2014  ApJ  792  30 
 6.517e+13, 7.044e-12, 1.490e-13,  57568.4688,  57568.4688,  ,NEOWISE    ,  Mainzer et al. 2014  ApJ  792  30 
 8.817e+13, 6.224e-12, 1.545e-13,  57568.6016,  57568.6016,  ,NEOWISE    ,  Mainzer et al. 2014  ApJ  792  30 
 6.517e+13, 7.136e-12, 1.250e-13,  57568.6016,  57568.6016,  ,NEOWISE    ,  Mainzer et al. 2014  ApJ  792  30 
 8.817e+13, 6.749e-12, 1.120e-13,  57568.7305,  57568.7305,  ,NEOWISE    ,  Mainzer et al. 2014  ApJ  792  30 
 6.517e+13, 6.993e-12, 1.160e-13,  57568.7305,  57568.7305,  ,NEOWISE    ,  Mainzer et al. 2014  ApJ  792  30 
 8.817e+13, 6.651e-12, 1.105e-13,  57568.8633,  57568.8633,  ,NEOWISE    ,  Mainzer et al. 2014  ApJ  792  30 
 6.517e+13, 6.526e-12, 1.140e-13,  57568.8633,  57568.8633,  ,NEOWISE    ,  Mainzer et al. 2014  ApJ  792  30 
 8.817e+13, 6.602e-12, 1.400e-13,  57568.3398,  57568.3398,  ,NEOWISE    ,  Mainzer et al. 2014  ApJ  792  30 
 6.517e+13, 7.123e-12, 1.310e-13,  57568.3398,  57568.3398,  ,NEOWISE    ,  Mainzer et al. 2014  ApJ  792  30 
 8.817e+13, 6.681e-12, 1.295e-13,  57568.6641,  57568.6641,  ,NEOWISE    ,  Mainzer et al. 2014  ApJ  792  30 
 6.517e+13, 7.249e-12, 1.470e-13,  57568.6641,  57568.6641,  ,NEOWISE    ,  Mainzer et al. 2014  ApJ  792  30 
 8.817e+13, 2.887e-13, 2.370e-14,  57038.2695,  57038.2695,  ,NEOWISE    ,  Mainzer et al. 2014  ApJ  792  30 
 6.517e+13, 3.593e-13, 4.810e-14,  57038.2695,  57038.2695,  ,NEOWISE    ,  Mainzer et al. 2014  ApJ  792  30 
 8.817e+13, 2.714e-13, 2.755e-14,  57038.0742,  57038.0742,  ,NEOWISE    ,  Mainzer et al. 2014  ApJ  792  30 
 6.517e+13, 3.217e-13, 3.805e-14,  57038.0742,  57038.0742,  ,NEOWISE    ,  Mainzer et al. 2014  ApJ  792  30 
 8.817e+13, 3.764e-13, 2.570e-14,  57038.1406,  57038.1406,  ,NEOWISE    ,  Mainzer et al. 2014  ApJ  792  30 
 6.517e+13, 3.965e-13, 3.805e-14,  57038.1406,  57038.1406,  ,NEOWISE    ,  Mainzer et al. 2014  ApJ  792  30 
 8.817e+13, 2.744e-13, 2.380e-14,  57038.2070,  57038.2070,  ,NEOWISE    ,  Mainzer et al. 2014  ApJ  792  30 
 6.517e+13, 3.980e-13, 4.445e-14,  57038.2070,  57038.2070,  ,NEOWISE    ,  Mainzer et al. 2014  ApJ  792  30 
 8.817e+13, 3.233e-13, 2.500e-14,  57037.9414,  57037.9414,  ,NEOWISE    ,  Mainzer et al. 2014  ApJ  792  30 
 6.517e+13, 3.886e-13, 4.595e-14,  57037.9414,  57037.9414,  ,NEOWISE    ,  Mainzer et al. 2014  ApJ  792  30 
 8.817e+13, 2.819e-13, 2.675e-14,  57038.4023,  57038.4023,  ,NEOWISE    ,  Mainzer et al. 2014  ApJ  792  30 
 6.517e+13, 4.544e-13, 4.020e-14,  57038.4023,  57038.4023,  ,NEOWISE    ,  Mainzer et al. 2014  ApJ  792  30 
 8.817e+13, 3.151e-13, 2.995e-14,  57038.5352,  57038.5352,  ,NEOWISE    ,  Mainzer et al. 2014  ApJ  792  30 
 6.517e+13, 3.353e-13, 3.930e-14,  57038.5352,  57038.5352,  ,NEOWISE    ,  Mainzer et al. 2014  ApJ  792  30 
 8.817e+13, 3.458e-13, 2.905e-14,  57034.9844,  57034.9844,  ,NEOWISE    ,  Mainzer et al. 2014  ApJ  792  30 
 6.517e+13, 4.264e-13, 5.275e-14,  57034.9844,  57034.9844,  ,NEOWISE    ,  Mainzer et al. 2014  ApJ  792  30 
 8.817e+13, 2.871e-13, 2.785e-14,  57037.8125,  57037.8125,  ,NEOWISE    ,  Mainzer et al. 2014  ApJ  792  30 
 6.517e+13, 3.576e-13, 3.995e-14,  57037.8125,  57037.8125,  ,NEOWISE    ,  Mainzer et al. 2014  ApJ  792  30 
 8.817e+13, 1.512e-12, 5.000e-14,  57765.2891,  57765.2891,  ,NEOWISE    ,  Mainzer et al. 2014  ApJ  792  30 
 6.517e+13, 1.653e-12, 5.800e-14,  57765.2891,  57765.2891,  ,NEOWISE    ,  Mainzer et al. 2014  ApJ  792  30 
 8.817e+13, 1.618e-12, 5.050e-14,  57764.3086,  57764.3086,  ,NEOWISE    ,  Mainzer et al. 2014  ApJ  792  30 
 6.517e+13, 1.755e-12, 6.000e-14,  57764.3086,  57764.3086,  ,NEOWISE    ,  Mainzer et al. 2014  ApJ  792  30 
 8.817e+13, 1.479e-12, 4.800e-14,  57764.5703,  57764.5703,  ,NEOWISE    ,  Mainzer et al. 2014  ApJ  792  30 
 6.517e+13, 1.734e-12, 6.100e-14,  57764.5703,  57764.5703,  ,NEOWISE    ,  Mainzer et al. 2014  ApJ  792  30 
 8.817e+13, 1.478e-12, 5.050e-14,  57764.9609,  57764.9609,  ,NEOWISE    ,  Mainzer et al. 2014  ApJ  792  30 
 6.517e+13, 1.656e-12, 5.950e-14,  57764.9609,  57764.9609,  ,NEOWISE    ,  Mainzer et al. 2014  ApJ  792  30 
 8.817e+13, 1.414e-12, 4.950e-14,  57764.7656,  57764.7656,  ,NEOWISE    ,  Mainzer et al. 2014  ApJ  792  30 
 6.517e+13, 1.698e-12, 6.400e-14,  57764.7656,  57764.7656,  ,NEOWISE    ,  Mainzer et al. 2014  ApJ  792  30 
 8.817e+13, 1.661e-12, 5.850e-14,  57765.1602,  57765.1602,  ,NEOWISE    ,  Mainzer et al. 2014  ApJ  792  30 
 6.517e+13, 1.718e-12, 6.500e-14,  57765.1602,  57765.1602,  ,NEOWISE    ,  Mainzer et al. 2014  ApJ  792  30 
 8.817e+13, 1.514e-12, 5.050e-14,  57764.4375,  57764.4375,  ,NEOWISE    ,  Mainzer et al. 2014  ApJ  792  30 
 6.517e+13, 1.709e-12, 6.800e-14,  57764.4375,  57764.4375,  ,NEOWISE    ,  Mainzer et al. 2014  ApJ  792  30 
 8.817e+13, 1.508e-12, 4.600e-14,  57764.6992,  57764.6992,  ,NEOWISE    ,  Mainzer et al. 2014  ApJ  792  30 
 6.517e+13, 1.667e-12, 6.450e-14,  57764.6992,  57764.6992,  ,NEOWISE    ,  Mainzer et al. 2014  ApJ  792  30 
 8.817e+13, 1.493e-12, 4.800e-14,  57764.8320,  57764.8320,  ,NEOWISE    ,  Mainzer et al. 2014  ApJ  792  30 
 6.517e+13, 1.612e-12, 5.650e-14,  57764.8320,  57764.8320,  ,NEOWISE    ,  Mainzer et al. 2014  ApJ  792  30 
 8.817e+13, 1.450e-12, 4.400e-14,  57764.8984,  57764.8984,  ,NEOWISE    ,  Mainzer et al. 2014  ApJ  792  30 
 6.517e+13, 1.456e-12, 6.950e-14,  57764.8984,  57764.8984,  ,NEOWISE    ,  Mainzer et al. 2014  ApJ  792  30 
 8.817e+13, 1.497e-12, 5.000e-14,  57765.0273,  57765.0273,  ,NEOWISE    ,  Mainzer et al. 2014  ApJ  792  30 
 6.517e+13, 1.589e-12, 6.300e-14,  57765.0273,  57765.0273,  ,NEOWISE    ,  Mainzer et al. 2014  ApJ  792  30 
 8.817e+13, 5.506e-13, 3.045e-14,  58131.7383,  58131.7383,  ,NEOWISE    ,  Mainzer et al. 2014  ApJ  792  30 
 6.517e+13, 6.967e-13, 4.690e-14,  58131.7383,  58131.7383,  ,NEOWISE    ,  Mainzer et al. 2014  ApJ  792  30 
 8.817e+13, 6.657e-13, 3.255e-14,  57936.4844,  57936.4844,  ,NEOWISE    ,  Mainzer et al. 2014  ApJ  792  30 
 6.517e+13, 7.583e-13, 6.715e-14,  57936.4844,  57936.4844,  ,NEOWISE    ,  Mainzer et al. 2014  ApJ  792  30 
 8.817e+13, 4.162e-13, 3.455e-14,  58292.3672,  58292.3672,  ,NEOWISE    ,  Mainzer et al. 2014  ApJ  792  30 
 6.517e+13, 4.300e-13, 6.440e-14,  58292.3672,  58292.3672,  ,NEOWISE    ,  Mainzer et al. 2014  ApJ  792  30 
 8.817e+13, 3.855e-13, 3.165e-14,  58289.3594,  58289.3594,  ,NEOWISE    ,  Mainzer et al. 2014  ApJ  792  30 
 6.517e+13, 5.339e-13, 6.160e-14,  58289.3594,  58289.3594,  ,NEOWISE    ,  Mainzer et al. 2014  ApJ  792  30 
 8.817e+13, 4.165e-13, 2.960e-14,  58289.4219,  58289.4219,  ,NEOWISE    ,  Mainzer et al. 2014  ApJ  792  30 
 6.517e+13, 4.869e-13, 4.265e-14,  58289.4219,  58289.4219,  ,NEOWISE    ,  Mainzer et al. 2014  ApJ  792  30 
 8.817e+13, 4.418e-13, 2.770e-14,  58289.6211,  58289.6211,  ,NEOWISE    ,  Mainzer et al. 2014  ApJ  792  30 
 6.517e+13, 4.771e-13, 4.930e-14,  58289.6211,  58289.6211,  ,NEOWISE    ,  Mainzer et al. 2014  ApJ  792  30 
 8.817e+13, 4.322e-13, 3.150e-14,  58292.6289,  58292.6289,  ,NEOWISE    ,  Mainzer et al. 2014  ApJ  792  30 
 6.517e+13, 5.596e-13, 6.715e-14,  58292.6289,  58292.6289,  ,NEOWISE    ,  Mainzer et al. 2014  ApJ  792  30 
 8.817e+13, 5.040e-13, 3.485e-14,  58292.9570,  58292.9570,  ,NEOWISE    ,  Mainzer et al. 2014  ApJ  792  30 
 6.517e+13, 6.647e-13, 5.885e-14,  58292.9570,  58292.9570,  ,NEOWISE    ,  Mainzer et al. 2014  ApJ  792  30 
 8.817e+13, 4.730e-13, 3.050e-14,  58292.4336,  58292.4336,  ,NEOWISE    ,  Mainzer et al. 2014  ApJ  792  30 
 6.517e+13, 5.438e-13, 5.920e-14,  58292.4336,  58292.4336,  ,NEOWISE    ,  Mainzer et al. 2014  ApJ  792  30 
 8.817e+13, 4.584e-13, 4.225e-14,  58293.0859,  58293.0859,  ,NEOWISE    ,  Mainzer et al. 2014  ApJ  792  30 
 6.517e+13, 6.181e-13, 5.130e-14,  58293.0859,  58293.0859,  ,NEOWISE    ,  Mainzer et al. 2014  ApJ  792  30 
 8.817e+13, 3.974e-13, 2.640e-14,  58289.2266,  58289.2266,  ,NEOWISE    ,  Mainzer et al. 2014  ApJ  792  30 
 6.517e+13, 4.160e-13, 5.265e-14,  58289.2266,  58289.2266,  ,NEOWISE    ,  Mainzer et al. 2014  ApJ  792  30 
 8.817e+13, 4.200e-13, 2.865e-14,  58289.6836,  58289.6836,  ,NEOWISE    ,  Mainzer et al. 2014  ApJ  792  30 
 6.517e+13, 5.132e-13, 4.305e-14,  58289.6836,  58289.6836,  ,NEOWISE    ,  Mainzer et al. 2014  ApJ  792  30 
 8.817e+13, 4.555e-13, 2.940e-14,  58291.9766,  58291.9766,  ,NEOWISE    ,  Mainzer et al. 2014  ApJ  792  30 
 6.517e+13, 5.544e-13, 7.220e-14,  58291.9766,  58291.9766,  ,NEOWISE    ,  Mainzer et al. 2014  ApJ  792  30 
 8.817e+13, 4.601e-13, 3.010e-14,  58292.5000,  58292.5000,  ,NEOWISE    ,  Mainzer et al. 2014  ApJ  792  30 
 6.517e+13, 5.963e-13, 6.990e-14,  58292.5000,  58292.5000,  ,NEOWISE    ,  Mainzer et al. 2014  ApJ  792  30 
 8.817e+13, 4.717e-13, 3.780e-14,  58292.5625,  58292.5625,  ,NEOWISE    ,  Mainzer et al. 2014  ApJ  792  30 
 6.517e+13, 5.208e-13, 7.655e-14,  58292.5625,  58292.5625,  ,NEOWISE    ,  Mainzer et al. 2014  ApJ  792  30 
 8.817e+13, 5.371e-13, 3.365e-14,  58292.8242,  58292.8242,  ,NEOWISE    ,  Mainzer et al. 2014  ApJ  792  30 
 6.517e+13, 3.409e-13, 1.362e-13,  58292.8242,  58292.8242,  ,NEOWISE    ,  Mainzer et al. 2014  ApJ  792  30 
 8.817e+13, 4.135e-13, 3.505e-14,  58289.5547,  58289.5547,  ,NEOWISE    ,  Mainzer et al. 2014  ApJ  792  30 
 6.517e+13, 3.914e-13, 5.825e-14,  58289.5547,  58289.5547,  ,NEOWISE    ,  Mainzer et al. 2014  ApJ  792  30 
 8.817e+13, 5.092e-13, 2.815e-14,  58289.9453,  58289.9453,  ,NEOWISE    ,  Mainzer et al. 2014  ApJ  792  30 
 6.517e+13, 2.577e-13, 4.995e-14,  58289.9453,  58289.9453,  ,NEOWISE    ,  Mainzer et al. 2014  ApJ  792  30 
 8.817e+13, 4.154e-13, 2.835e-14,  58290.0781,  58290.0781,  ,NEOWISE    ,  Mainzer et al. 2014  ApJ  792  30 
 6.517e+13, 4.148e-13, 5.515e-14,  58290.0781,  58290.0781,  ,NEOWISE    ,  Mainzer et al. 2014  ApJ  792  30 
 8.817e+13, 5.327e-13, 3.585e-14,  58292.5625,  58292.5625,  ,NEOWISE    ,  Mainzer et al. 2014  ApJ  792  30 
 6.517e+13, 4.206e-13, 6.300e-14,  58292.5625,  58292.5625,  ,NEOWISE    ,  Mainzer et al. 2014  ApJ  792  30 
 8.817e+13, 5.416e-13, 4.595e-14,  58293.0859,  58293.0859,  ,NEOWISE    ,  Mainzer et al. 2014  ApJ  792  30 
 6.517e+13, 5.388e-13, 5.470e-14,  58293.0859,  58293.0859,  ,NEOWISE    ,  Mainzer et al. 2014  ApJ  792  30 
 8.817e+13, 1.512e-12, 4.500e-14,  56851.0977,  56851.0977,  ,NEOWISE    ,  Mainzer et al. 2014  ApJ  792  30 
 6.517e+13, 1.679e-12, 5.900e-14,  56851.0977,  56851.0977,  ,NEOWISE    ,  Mainzer et al. 2014  ApJ  792  30 
 8.817e+13, 1.539e-12, 4.700e-14,  56851.2305,  56851.2305,  ,NEOWISE    ,  Mainzer et al. 2014  ApJ  792  30 
 6.517e+13, 1.618e-12, 6.150e-14,  56851.2305,  56851.2305,  ,NEOWISE    ,  Mainzer et al. 2014  ApJ  792  30 
 8.817e+13, 1.459e-12, 5.000e-14,  56851.6914,  56851.6914,  ,NEOWISE    ,  Mainzer et al. 2014  ApJ  792  30 
 6.517e+13, 1.654e-12, 5.350e-14,  56851.6914,  56851.6914,  ,NEOWISE    ,  Mainzer et al. 2014  ApJ  792  30 
 8.817e+13, 1.497e-12, 4.400e-14,  56851.5586,  56851.5586,  ,NEOWISE    ,  Mainzer et al. 2014  ApJ  792  30 
 6.517e+13, 1.653e-12, 5.500e-14,  56851.5586,  56851.5586,  ,NEOWISE    ,  Mainzer et al. 2014  ApJ  792  30 
 8.817e+13, 1.459e-12, 4.450e-14,  56851.2969,  56851.2969,  ,NEOWISE    ,  Mainzer et al. 2014  ApJ  792  30 
 6.517e+13, 1.590e-12, 6.450e-14,  56851.2969,  56851.2969,  ,NEOWISE    ,  Mainzer et al. 2014  ApJ  792  30 
 8.817e+13, 1.510e-12, 5.150e-14,  56850.7031,  56850.7031,  ,NEOWISE    ,  Mainzer et al. 2014  ApJ  792  30 
 6.517e+13, 1.639e-12, 6.450e-14,  56850.7031,  56850.7031,  ,NEOWISE    ,  Mainzer et al. 2014  ApJ  792  30 
 8.817e+13, 1.470e-12, 4.750e-14,  56851.0312,  56851.0312,  ,NEOWISE    ,  Mainzer et al. 2014  ApJ  792  30 
 6.517e+13, 1.659e-12, 5.800e-14,  56851.0312,  56851.0312,  ,NEOWISE    ,  Mainzer et al. 2014  ApJ  792  30 
 8.817e+13, 1.360e-12, 1.140e-13,  56851.6914,  56851.6914,  ,NEOWISE    ,  Mainzer et al. 2014  ApJ  792  30 
 6.517e+13, 1.561e-12, 5.500e-14,  56851.6914,  56851.6914,  ,NEOWISE    ,  Mainzer et al. 2014  ApJ  792  30 
 8.817e+13, 1.451e-12, 4.650e-14,  56851.1641,  56851.1641,  ,NEOWISE    ,  Mainzer et al. 2014  ApJ  792  30 
 6.517e+13, 1.618e-12, 5.950e-14,  56851.1641,  56851.1641,  ,NEOWISE    ,  Mainzer et al. 2014  ApJ  792  30 
 8.817e+13, 1.452e-12, 4.400e-14,  56851.4258,  56851.4258,  ,NEOWISE    ,  Mainzer et al. 2014  ApJ  792  30 
 6.517e+13, 1.702e-12, 6.250e-14,  56851.4258,  56851.4258,  ,NEOWISE    ,  Mainzer et al. 2014  ApJ  792  30 
 8.817e+13, 1.505e-12, 4.700e-14,  56850.8359,  56850.8359,  ,NEOWISE    ,  Mainzer et al. 2014  ApJ  792  30 
 6.517e+13, 1.792e-12, 7.400e-14,  56850.8359,  56850.8359,  ,NEOWISE    ,  Mainzer et al. 2014  ApJ  792  30 
 8.817e+13, 1.496e-12, 5.900e-14,  56851.1641,  56851.1641,  ,NEOWISE    ,  Mainzer et al. 2014  ApJ  792  30 
 6.517e+13, 1.791e-12, 6.400e-14,  56851.1641,  56851.1641,  ,NEOWISE    ,  Mainzer et al. 2014  ApJ  792  30 
 8.817e+13, 1.459e-12, 4.550e-14,  56850.5703,  56850.5703,  ,NEOWISE    ,  Mainzer et al. 2014  ApJ  792  30 
 6.517e+13, 1.650e-12, 6.700e-14,  56850.5703,  56850.5703,  ,NEOWISE    ,  Mainzer et al. 2014  ApJ  792  30 
 8.817e+13, 6.724e-13, 3.285e-14,  58496.4375,  58496.4375,  ,NEOWISE    ,  Mainzer et al. 2014  ApJ  792  30 
 6.517e+13, 7.911e-13, 7.370e-14,  58496.4375,  58496.4375,  ,NEOWISE    ,  Mainzer et al. 2014  ApJ  792  30 
 8.817e+13, 1.187e-12, 3.950e-14,  58496.6953,  58496.6953,  ,NEOWISE    ,  Mainzer et al. 2014  ApJ  792  30 
 6.517e+13, 1.267e-12, 5.350e-14,  58496.6953,  58496.6953,  ,NEOWISE    ,  Mainzer et al. 2014  ApJ  792  30 
 8.817e+13, 1.194e-12, 4.150e-14,  58495.9766,  58495.9766,  ,NEOWISE    ,  Mainzer et al. 2014  ApJ  792  30 
 6.517e+13, 1.312e-12, 5.300e-14,  58495.9766,  58495.9766,  ,NEOWISE    ,  Mainzer et al. 2014  ApJ  792  30 
 8.817e+13, 1.224e-12, 4.400e-14,  58496.3047,  58496.3047,  ,NEOWISE    ,  Mainzer et al. 2014  ApJ  792  30 
 6.517e+13, 1.366e-12, 5.400e-14,  58496.3047,  58496.3047,  ,NEOWISE    ,  Mainzer et al. 2014  ApJ  792  30 
 8.817e+13, 1.132e-12, 3.950e-14,  58496.5664,  58496.5664,  ,NEOWISE    ,  Mainzer et al. 2014  ApJ  792  30 
 6.517e+13, 1.351e-12, 5.850e-14,  58496.5664,  58496.5664,  ,NEOWISE    ,  Mainzer et al. 2014  ApJ  792  30 
 8.817e+13, 1.220e-12, 3.900e-14,  58495.8477,  58495.8477,  ,NEOWISE    ,  Mainzer et al. 2014  ApJ  792  30 
 6.517e+13, 1.898e-12, 7.850e-14,  58495.8477,  58495.8477,  ,NEOWISE    ,  Mainzer et al. 2014  ApJ  792  30 
 8.817e+13, 1.297e-12, 4.450e-14,  58496.1094,  58496.1094,  ,NEOWISE    ,  Mainzer et al. 2014  ApJ  792  30 
 6.517e+13, 1.519e-12, 5.750e-14,  58496.1094,  58496.1094,  ,NEOWISE    ,  Mainzer et al. 2014  ApJ  792  30 
 8.817e+13, 7.871e-13, 3.410e-14,  57401.0000,  57401.0000,  ,NEOWISE    ,  Mainzer et al. 2014  ApJ  792  30 
 6.517e+13, 1.270e-12, 6.050e-14,  57401.0000,  57401.0000,  ,NEOWISE    ,  Mainzer et al. 2014  ApJ  792  30 
 8.817e+13, 9.702e-13, 5.030e-14,  57400.4102,  57400.4102,  ,NEOWISE    ,  Mainzer et al. 2014  ApJ  792  30 
 6.517e+13, 1.182e-12, 5.650e-14,  57400.4102,  57400.4102,  ,NEOWISE    ,  Mainzer et al. 2014  ApJ  792  30 
 8.817e+13, 9.004e-13, 3.730e-14,  57400.5430,  57400.5430,  ,NEOWISE    ,  Mainzer et al. 2014  ApJ  792  30 
 6.517e+13, 9.868e-13, 4.810e-14,  57400.5430,  57400.5430,  ,NEOWISE    ,  Mainzer et al. 2014  ApJ  792  30 
 8.817e+13, 8.791e-13, 3.970e-14,  57400.2812,  57400.2812,  ,NEOWISE    ,  Mainzer et al. 2014  ApJ  792  30 
 6.517e+13, 1.106e-12, 5.100e-14,  57400.2812,  57400.2812,  ,NEOWISE    ,  Mainzer et al. 2014  ApJ  792  30 
 8.817e+13, 9.342e-13, 3.615e-14,  57400.4102,  57400.4102,  ,NEOWISE    ,  Mainzer et al. 2014  ApJ  792  30 
 6.517e+13, 1.072e-12, 4.450e-14,  57400.4102,  57400.4102,  ,NEOWISE    ,  Mainzer et al. 2014  ApJ  792  30 
 8.817e+13, 8.319e-13, 3.375e-14,  57400.6094,  57400.6094,  ,NEOWISE    ,  Mainzer et al. 2014  ApJ  792  30 
 6.517e+13, 8.992e-13, 4.395e-14,  57400.6094,  57400.6094,  ,NEOWISE    ,  Mainzer et al. 2014  ApJ  792  30 
 8.817e+13, 7.944e-13, 3.440e-14,  57400.7383,  57400.7383,  ,NEOWISE    ,  Mainzer et al. 2014  ApJ  792  30 
 6.517e+13, 9.547e-13, 5.285e-14,  57400.7383,  57400.7383,  ,NEOWISE    ,  Mainzer et al. 2014  ApJ  792  30 
 8.817e+13, 8.671e-13, 3.515e-14,  57400.8047,  57400.8047,  ,NEOWISE    ,  Mainzer et al. 2014  ApJ  792  30 
 6.517e+13, 9.951e-13, 4.585e-14,  57400.8047,  57400.8047,  ,NEOWISE    ,  Mainzer et al. 2014  ApJ  792  30 
 8.817e+13, 7.864e-13, 3.695e-14,  57400.8711,  57400.8711,  ,NEOWISE    ,  Mainzer et al. 2014  ApJ  792  30 
 6.517e+13, 1.010e-12, 4.915e-14,  57400.8711,  57400.8711,  ,NEOWISE    ,  Mainzer et al. 2014  ApJ  792  30 
 8.817e+13, 8.442e-13, 3.345e-14,  57400.1484,  57400.1484,  ,NEOWISE    ,  Mainzer et al. 2014  ApJ  792  30 
 6.517e+13, 9.278e-13, 5.215e-14,  57400.1484,  57400.1484,  ,NEOWISE    ,  Mainzer et al. 2014  ApJ  792  30 
 8.817e+13, 8.759e-13, 4.275e-14,  57400.6719,  57400.6719,  ,NEOWISE    ,  Mainzer et al. 2014  ApJ  792  30 
 6.517e+13, 1.014e-12, 4.845e-14,  57400.6719,  57400.6719,  ,NEOWISE    ,  Mainzer et al. 2014  ApJ  792  30 
 8.817e+13, 8.114e-13, 3.590e-14,  57401.1328,  57401.1328,  ,NEOWISE    ,  Mainzer et al. 2014  ApJ  792  30 
 6.517e+13, 1.030e-12, 4.645e-14,  57401.1328,  57401.1328,  ,NEOWISE    ,  Mainzer et al. 2014  ApJ  792  30 
 8.817e+13, 8.152e-13, 3.455e-14,  57401.5273,  57401.5273,  ,NEOWISE    ,  Mainzer et al. 2014  ApJ  792  30 
 6.517e+13, 9.896e-13, 4.455e-14,  57401.5273,  57401.5273,  ,NEOWISE    ,  Mainzer et al. 2014  ApJ  792  30 
 8.817e+13, 1.267e-12, 5.000e-14,  58495.7148,  58495.7148,  ,NEOWISE    ,  Mainzer et al. 2014  ApJ  792  30 
 6.517e+13, 1.466e-12, 5.250e-14,  58495.7148,  58495.7148,  ,NEOWISE    ,  Mainzer et al. 2014  ApJ  792  30 
 8.817e+13, 1.205e-12, 4.100e-14,  58496.0430,  58496.0430,  ,NEOWISE    ,  Mainzer et al. 2014  ApJ  792  30 
 6.517e+13, 1.444e-12, 6.250e-14,  58496.0430,  58496.0430,  ,NEOWISE    ,  Mainzer et al. 2014  ApJ  792  30 
 8.817e+13, 1.184e-12, 4.150e-14,  58496.1758,  58496.1758,  ,NEOWISE    ,  Mainzer et al. 2014  ApJ  792  30 
 6.517e+13, 1.433e-12, 5.800e-14,  58496.1758,  58496.1758,  ,NEOWISE    ,  Mainzer et al. 2014  ApJ  792  30 
 8.817e+13, 1.221e-12, 4.400e-14,  58496.2383,  58496.2383,  ,NEOWISE    ,  Mainzer et al. 2014  ApJ  792  30 
 6.517e+13, 1.399e-12, 5.650e-14,  58496.2383,  58496.2383,  ,NEOWISE    ,  Mainzer et al. 2014  ApJ  792  30 
 8.817e+13, 4.022e-13, 3.115e-14,  59226.9531,  59226.9531,  ,NEOWISE    ,  Mainzer et al. 2014  ApJ  792  30 
 6.517e+13, 4.433e-13, 4.415e-14,  59226.9531,  59226.9531,  ,NEOWISE    ,  Mainzer et al. 2014  ApJ  792  30 
 8.817e+13, 4.227e-13, 2.765e-14,  59226.8242,  59226.8242,  ,NEOWISE    ,  Mainzer et al. 2014  ApJ  792  30 
 6.517e+13, 6.018e-13, 5.720e-14,  59226.8242,  59226.8242,  ,NEOWISE    ,  Mainzer et al. 2014  ApJ  792  30 
 8.817e+13, 4.037e-13, 3.875e-14,  59227.6719,  59227.6719,  ,NEOWISE    ,  Mainzer et al. 2014  ApJ  792  30 
 6.517e+13, 5.141e-13, 4.935e-14,  59227.6719,  59227.6719,  ,NEOWISE    ,  Mainzer et al. 2014  ApJ  792  30 
 8.817e+13, 4.370e-13, 2.820e-14,  59227.0859,  59227.0859,  ,NEOWISE    ,  Mainzer et al. 2014  ApJ  792  30 
 6.517e+13, 4.340e-13, 4.365e-14,  59227.0859,  59227.0859,  ,NEOWISE    ,  Mainzer et al. 2014  ApJ  792  30 
 8.817e+13, 4.185e-13, 3.470e-14,  59227.3477,  59227.3477,  ,NEOWISE    ,  Mainzer et al. 2014  ApJ  792  30 
 6.517e+13, 6.827e-13, 8.570e-14,  59227.3477,  59227.3477,  ,NEOWISE    ,  Mainzer et al. 2014  ApJ  792  30 
 8.817e+13, 4.018e-13, 2.740e-14,  59227.8047,  59227.8047,  ,NEOWISE    ,  Mainzer et al. 2014  ApJ  792  30 
 6.517e+13, 6.136e-13, 5.260e-14,  59227.8047,  59227.8047,  ,NEOWISE    ,  Mainzer et al. 2014  ApJ  792  30 
 8.817e+13, 4.406e-13, 3.820e-14,  59227.2148,  59227.2148,  ,NEOWISE    ,  Mainzer et al. 2014  ApJ  792  30 
 6.517e+13, 5.514e-13, 7.180e-14,  59227.2148,  59227.2148,  ,NEOWISE    ,  Mainzer et al. 2014  ApJ  792  30 
 8.817e+13, 3.823e-13, 2.820e-14,  59227.4102,  59227.4102,  ,NEOWISE    ,  Mainzer et al. 2014  ApJ  792  30 
 6.517e+13, 5.575e-13, 5.605e-14,  59227.4102,  59227.4102,  ,NEOWISE    ,  Mainzer et al. 2014  ApJ  792  30 
 8.817e+13, 3.493e-13, 2.740e-14,  59227.2812,  59227.2812,  ,NEOWISE    ,  Mainzer et al. 2014  ApJ  792  30 
 6.517e+13, 5.047e-13, 4.515e-14,  59227.2812,  59227.2812,  ,NEOWISE    ,  Mainzer et al. 2014  ApJ  792  30 
 8.817e+13, 4.354e-13, 2.925e-14,  59227.5430,  59227.5430,  ,NEOWISE    ,  Mainzer et al. 2014  ApJ  792  30 
 6.517e+13, 5.575e-13, 4.785e-14,  59227.5430,  59227.5430,  ,NEOWISE    ,  Mainzer et al. 2014  ApJ  792  30 
 8.817e+13, 1.080e-12, 3.700e-14,  57209.9727,  57209.9727,  ,NEOWISE    ,  Mainzer et al. 2014  ApJ  792  30 
 6.517e+13, 1.242e-12, 4.950e-14,  57209.9727,  57209.9727,  ,NEOWISE    ,  Mainzer et al. 2014  ApJ  792  30 
 8.817e+13, 1.011e-12, 4.000e-14,  57210.0391,  57210.0391,  ,NEOWISE    ,  Mainzer et al. 2014  ApJ  792  30 
 6.517e+13, 1.258e-12, 4.850e-14,  57210.0391,  57210.0391,  ,NEOWISE    ,  Mainzer et al. 2014  ApJ  792  30 
 8.817e+13, 1.071e-12, 3.650e-14,  57209.7109,  57209.7109,  ,NEOWISE    ,  Mainzer et al. 2014  ApJ  792  30 
 6.517e+13, 1.202e-12, 5.850e-14,  57209.7109,  57209.7109,  ,NEOWISE    ,  Mainzer et al. 2014  ApJ  792  30 
 8.817e+13, 1.022e-12, 3.580e-14,  57210.4336,  57210.4336,  ,NEOWISE    ,  Mainzer et al. 2014  ApJ  792  30 
 6.517e+13, 1.228e-12, 5.650e-14,  57210.4336,  57210.4336,  ,NEOWISE    ,  Mainzer et al. 2014  ApJ  792  30 
 8.817e+13, 1.034e-12, 4.115e-14,  57210.1680,  57210.1680,  ,NEOWISE    ,  Mainzer et al. 2014  ApJ  792  30 
 6.517e+13, 1.240e-12, 5.150e-14,  57210.1680,  57210.1680,  ,NEOWISE    ,  Mainzer et al. 2014  ApJ  792  30 
 8.817e+13, 1.081e-12, 4.550e-14,  57209.8398,  57209.8398,  ,NEOWISE    ,  Mainzer et al. 2014  ApJ  792  30 
 6.517e+13, 1.077e-12, 5.350e-14,  57209.8398,  57209.8398,  ,NEOWISE    ,  Mainzer et al. 2014  ApJ  792  30 
 8.817e+13, 1.094e-12, 3.500e-14,  57210.3008,  57210.3008,  ,NEOWISE    ,  Mainzer et al. 2014  ApJ  792  30 
 6.517e+13, 1.275e-12, 5.500e-14,  57210.3008,  57210.3008,  ,NEOWISE    ,  Mainzer et al. 2014  ApJ  792  30 
 8.817e+13, 1.056e-12, 3.600e-14,  57209.9062,  57209.9062,  ,NEOWISE    ,  Mainzer et al. 2014  ApJ  792  30 
 6.517e+13, 1.269e-12, 5.400e-14,  57209.9062,  57209.9062,  ,NEOWISE    ,  Mainzer et al. 2014  ApJ  792  30 
 8.817e+13, 1.072e-12, 4.150e-14,  57209.5781,  57209.5781,  ,NEOWISE    ,  Mainzer et al. 2014  ApJ  792  30 
 6.517e+13, 1.258e-12, 6.600e-14,  57209.5781,  57209.5781,  ,NEOWISE    ,  Mainzer et al. 2014  ApJ  792  30 
 8.817e+13, 3.108e-13, 2.925e-14,  59021.1953,  59021.1953,  ,NEOWISE    ,  Mainzer et al. 2014  ApJ  792  30 
 6.517e+13, 3.613e-13, 4.370e-14,  59021.1953,  59021.1953,  ,NEOWISE    ,  Mainzer et al. 2014  ApJ  792  30 
 8.817e+13, 6.121e-13, 3.385e-14,  58132.1328,  58132.1328,  ,NEOWISE    ,  Mainzer et al. 2014  ApJ  792  30 
 6.517e+13, 7.309e-13, 4.580e-14,  58132.1328,  58132.1328,  ,NEOWISE    ,  Mainzer et al. 2014  ApJ  792  30 
 8.817e+13, 6.983e-13, 3.670e-14,  58132.3281,  58132.3281,  ,NEOWISE    ,  Mainzer et al. 2014  ApJ  792  30 
 6.517e+13, 7.202e-13, 4.445e-14,  58132.3281,  58132.3281,  ,NEOWISE    ,  Mainzer et al. 2014  ApJ  792  30 
 8.817e+13, 5.745e-13, 3.120e-14,  58131.8711,  58131.8711,  ,NEOWISE    ,  Mainzer et al. 2014  ApJ  792  30 
 6.517e+13, 7.472e-13, 4.820e-14,  58131.8711,  58131.8711,  ,NEOWISE    ,  Mainzer et al. 2014  ApJ  792  30 
 8.817e+13, 5.776e-13, 3.830e-14,  58131.9336,  58131.9336,  ,NEOWISE    ,  Mainzer et al. 2014  ApJ  792  30 
 6.517e+13, 8.330e-13, 6.525e-14,  58131.9336,  58131.9336,  ,NEOWISE    ,  Mainzer et al. 2014  ApJ  792  30 
 8.817e+13, 7.022e-13, 3.685e-14,  58132.4570,  58132.4570,  ,NEOWISE    ,  Mainzer et al. 2014  ApJ  792  30 
 6.517e+13, 7.458e-13, 4.470e-14,  58132.4570,  58132.4570,  ,NEOWISE    ,  Mainzer et al. 2014  ApJ  792  30 
 8.817e+13, 5.723e-13, 3.110e-14,  58131.6094,  58131.6094,  ,NEOWISE    ,  Mainzer et al. 2014  ApJ  792  30 
 6.517e+13, 7.123e-13, 4.725e-14,  58131.6094,  58131.6094,  ,NEOWISE    ,  Mainzer et al. 2014  ApJ  792  30 
 8.817e+13, 6.121e-13, 3.780e-14,  58132.0000,  58132.0000,  ,NEOWISE    ,  Mainzer et al. 2014  ApJ  792  30 
 6.517e+13, 6.079e-13, 5.890e-14,  58132.0000,  58132.0000,  ,NEOWISE    ,  Mainzer et al. 2014  ApJ  792  30 
 8.817e+13, 6.837e-13, 3.340e-14,  58132.0664,  58132.0664,  ,NEOWISE    ,  Mainzer et al. 2014  ApJ  792  30 
 6.517e+13, 7.071e-13, 5.020e-14,  58132.0664,  58132.0664,  ,NEOWISE    ,  Mainzer et al. 2014  ApJ  792  30 
 8.817e+13, 5.993e-13, 4.090e-14,  58132.1953,  58132.1953,  ,NEOWISE    ,  Mainzer et al. 2014  ApJ  792  30 
 6.517e+13, 6.859e-13, 4.805e-14,  58132.1953,  58132.1953,  ,NEOWISE    ,  Mainzer et al. 2014  ApJ  792  30 
 8.817e+13, 4.302e-13, 3.055e-14,  58865.6484,  58865.6484,  ,NEOWISE    ,  Mainzer et al. 2014  ApJ  792  30 
 6.517e+13, 4.312e-13, 7.100e-14,  58865.6484,  58865.6484,  ,NEOWISE    ,  Mainzer et al. 2014  ApJ  792  30 
 8.817e+13, 6.565e-13, 4.600e-14,  59591.9727,  59591.9727,  ,NEOWISE    ,  Mainzer et al. 2014  ApJ  792  30 
 6.517e+13, 7.032e-13, 4.860e-14,  59591.9727,  59591.9727,  ,NEOWISE    ,  Mainzer et al. 2014  ApJ  792  30 
 8.817e+13, 5.278e-13, 3.355e-14,  59591.5156,  59591.5156,  ,NEOWISE    ,  Mainzer et al. 2014  ApJ  792  30 
 6.517e+13, 5.344e-13, 6.960e-14,  59591.5156,  59591.5156,  ,NEOWISE    ,  Mainzer et al. 2014  ApJ  792  30 
 8.817e+13, 7.003e-13, 3.160e-14,  59591.1250,  59591.1250,  ,NEOWISE    ,  Mainzer et al. 2014  ApJ  792  30 
 6.517e+13, 7.336e-13, 5.680e-14,  59591.1250,  59591.1250,  ,NEOWISE    ,  Mainzer et al. 2014  ApJ  792  30 
 8.817e+13, 4.534e-13, 4.560e-14,  59591.8438,  59591.8438,  ,NEOWISE    ,  Mainzer et al. 2014  ApJ  792  30 
 6.517e+13, 5.795e-13, 4.595e-14,  59591.8438,  59591.8438,  ,NEOWISE    ,  Mainzer et al. 2014  ApJ  792  30 
 8.817e+13, 6.334e-13, 3.155e-14,  59591.9727,  59591.9727,  ,NEOWISE    ,  Mainzer et al. 2014  ApJ  792  30 
 6.517e+13, 6.068e-13, 4.865e-14,  59591.9727,  59591.9727,  ,NEOWISE    ,  Mainzer et al. 2014  ApJ  792  30 
 8.817e+13, 5.911e-13, 3.485e-14,  59592.1055,  59592.1055,  ,NEOWISE    ,  Mainzer et al. 2014  ApJ  792  30 
 6.517e+13, 7.262e-13, 5.225e-14,  59592.1055,  59592.1055,  ,NEOWISE    ,  Mainzer et al. 2014  ApJ  792  30 
 8.817e+13, 5.824e-13, 3.170e-14,  59591.2539,  59591.2539,  ,NEOWISE    ,  Mainzer et al. 2014  ApJ  792  30 
 6.517e+13, 7.058e-13, 5.660e-14,  59591.2539,  59591.2539,  ,NEOWISE    ,  Mainzer et al. 2014  ApJ  792  30 
 8.817e+13, 4.597e-13, 3.090e-14,  59591.6484,  59591.6484,  ,NEOWISE    ,  Mainzer et al. 2014  ApJ  792  30 
 6.517e+13, 5.418e-13, 4.545e-14,  59591.6484,  59591.6484,  ,NEOWISE    ,  Mainzer et al. 2014  ApJ  792  30 
 8.817e+13, 5.655e-13, 3.235e-14,  59591.7109,  59591.7109,  ,NEOWISE    ,  Mainzer et al. 2014  ApJ  792  30 
 6.517e+13, 6.562e-13, 4.905e-14,  59591.7109,  59591.7109,  ,NEOWISE    ,  Mainzer et al. 2014  ApJ  792  30 
 8.817e+13, 5.583e-13, 3.085e-14,  59591.5820,  59591.5820,  ,NEOWISE    ,  Mainzer et al. 2014  ApJ  792  30 
 6.517e+13, 6.758e-13, 4.795e-14,  59591.5820,  59591.5820,  ,NEOWISE    ,  Mainzer et al. 2014  ApJ  792  30 
 8.817e+13, 4.089e-13, 2.790e-14,  58289.4883,  58289.4883,  ,NEOWISE    ,  Mainzer et al. 2014  ApJ  792  30 
 6.517e+13, 3.954e-13, 4.820e-14,  58289.4883,  58289.4883,  ,NEOWISE    ,  Mainzer et al. 2014  ApJ  792  30 
 8.817e+13, 5.655e-13, 4.435e-14,  58292.1055,  58292.1055,  ,NEOWISE    ,  Mainzer et al. 2014  ApJ  792  30 
 6.517e+13, 4.620e-13, 6.960e-14,  58292.1055,  58292.1055,  ,NEOWISE    ,  Mainzer et al. 2014  ApJ  792  30 
 8.817e+13, 4.294e-13, 2.930e-14,  58289.8164,  58289.8164,  ,NEOWISE    ,  Mainzer et al. 2014  ApJ  792  30 
 6.517e+13, 3.832e-13, 5.100e-14,  58289.8164,  58289.8164,  ,NEOWISE    ,  Mainzer et al. 2014  ApJ  792  30 
 8.817e+13, 5.346e-13, 3.895e-14,  58292.6953,  58292.6953,  ,NEOWISE    ,  Mainzer et al. 2014  ApJ  792  30 
 6.517e+13, 5.827e-13, 9.490e-14,  58292.6953,  58292.6953,  ,NEOWISE    ,  Mainzer et al. 2014  ApJ  792  30 
 8.817e+13, 4.538e-13, 3.430e-14,  58292.2383,  58292.2383,  ,NEOWISE    ,  Mainzer et al. 2014  ApJ  792  30 
 6.517e+13, 3.332e-13, 7.110e-14,  58292.2383,  58292.2383,  ,NEOWISE    ,  Mainzer et al. 2014  ApJ  792  30 
 8.817e+13, 8.528e-13, 3.930e-14,  57772.7578,  57772.7578,  ,NEOWISE    ,  Mainzer et al. 2014  ApJ  792  30 
 6.517e+13, 1.052e-12, 5.895e-14,  57772.7578,  57772.7578,  ,NEOWISE    ,  Mainzer et al. 2014  ApJ  792  30 
 8.817e+13, 2.734e-13, 3.635e-14,  58656.2852,  58656.2852,  ,NEOWISE    ,  Mainzer et al. 2014  ApJ  792  30 
 6.517e+13, 3.921e-13, 4.270e-14,  58656.2852,  58656.2852,  ,NEOWISE    ,  Mainzer et al. 2014  ApJ  792  30 
 8.817e+13, 3.768e-13, 2.710e-14,  58656.8750,  58656.8750,  ,NEOWISE    ,  Mainzer et al. 2014  ApJ  792  30 
 6.517e+13, 3.482e-13, 6.745e-14,  58656.8750,  58656.8750,  ,NEOWISE    ,  Mainzer et al. 2014  ApJ  792  30 
 8.817e+13, 3.154e-13, 2.620e-14,  58656.5469,  58656.5469,  ,NEOWISE    ,  Mainzer et al. 2014  ApJ  792  30 
 6.517e+13, 4.140e-13, 7.320e-14,  58656.5469,  58656.5469,  ,NEOWISE    ,  Mainzer et al. 2014  ApJ  792  30 
 8.817e+13, 4.104e-13, 2.725e-14,  58656.4141,  58656.4141,  ,NEOWISE    ,  Mainzer et al. 2014  ApJ  792  30 
 6.517e+13, 4.663e-13, 4.775e-14,  58656.4141,  58656.4141,  ,NEOWISE    ,  Mainzer et al. 2014  ApJ  792  30 
 8.817e+13, 3.809e-13, 2.775e-14,  58657.1367,  58657.1367,  ,NEOWISE    ,  Mainzer et al. 2014  ApJ  792  30 
 6.517e+13, 2.688e-13, 4.905e-14,  58657.1367,  58657.1367,  ,NEOWISE    ,  Mainzer et al. 2014  ApJ  792  30 
 8.817e+13, 3.631e-13, 2.645e-14,  58656.6758,  58656.6758,  ,NEOWISE    ,  Mainzer et al. 2014  ApJ  792  30 
 6.517e+13, 4.829e-13, 4.275e-14,  58656.6758,  58656.6758,  ,NEOWISE    ,  Mainzer et al. 2014  ApJ  792  30 
 8.817e+13, 3.383e-13, 2.965e-14,  58656.7422,  58656.7422,  ,NEOWISE    ,  Mainzer et al. 2014  ApJ  792  30 
 6.517e+13, 4.152e-13, 4.945e-14,  58656.7422,  58656.7422,  ,NEOWISE    ,  Mainzer et al. 2014  ApJ  792  30 
 8.817e+13, 3.591e-13, 2.515e-14,  58656.6758,  58656.6758,  ,NEOWISE    ,  Mainzer et al. 2014  ApJ  792  30 
 6.517e+13, 4.237e-13, 4.770e-14,  58656.6758,  58656.6758,  ,NEOWISE    ,  Mainzer et al. 2014  ApJ  792  30 
 8.817e+13, 4.018e-13, 2.705e-14,  58656.8086,  58656.8086,  ,NEOWISE    ,  Mainzer et al. 2014  ApJ  792  30 
 6.517e+13, 4.344e-13, 3.925e-14,  58656.8086,  58656.8086,  ,NEOWISE    ,  Mainzer et al. 2014  ApJ  792  30 
 8.817e+13, 3.386e-13, 2.560e-14,  58656.6133,  58656.6133,  ,NEOWISE    ,  Mainzer et al. 2014  ApJ  792  30 
 6.517e+13, 4.013e-13, 3.810e-14,  58656.6133,  58656.6133,  ,NEOWISE    ,  Mainzer et al. 2014  ApJ  792  30 
 8.817e+13, 3.139e-13, 2.865e-14,  58657.2656,  58657.2656,  ,NEOWISE    ,  Mainzer et al. 2014  ApJ  792  30 
 6.517e+13, 3.704e-13, 3.725e-14,  58657.2656,  58657.2656,  ,NEOWISE    ,  Mainzer et al. 2014  ApJ  792  30 
 8.817e+13, 3.358e-13, 2.510e-14,  59021.0000,  59021.0000,  ,NEOWISE    ,  Mainzer et al. 2014  ApJ  792  30 
 6.517e+13, 1.728e-13, 0.000e+00,  59021.0000,  59021.0000,UL,NEOWISE     ,  Mainzer et al. 2014  ApJ  792  30 
 8.817e+13, 2.957e-13, 2.535e-14,  59020.4766,  59020.4766,  ,NEOWISE    ,  Mainzer et al. 2014  ApJ  792  30 
 6.517e+13, 4.190e-13, 4.755e-14,  59020.4766,  59020.4766,  ,NEOWISE    ,  Mainzer et al. 2014  ApJ  792  30 
 8.817e+13, 3.210e-13, 3.915e-14,  59021.0625,  59021.0625,  ,NEOWISE    ,  Mainzer et al. 2014  ApJ  792  30 
 6.517e+13, 3.286e-13, 7.200e-14,  59021.0625,  59021.0625,  ,NEOWISE    ,  Mainzer et al. 2014  ApJ  792  30 
 8.817e+13, 3.519e-13, 2.660e-14,  59021.1953,  59021.1953,  ,NEOWISE    ,  Mainzer et al. 2014  ApJ  792  30 
 6.517e+13, 2.972e-13, 4.450e-14,  59021.1953,  59021.1953,  ,NEOWISE    ,  Mainzer et al. 2014  ApJ  792  30 
 8.817e+13, 3.192e-13, 2.915e-14,  59021.3242,  59021.3242,  ,NEOWISE    ,  Mainzer et al. 2014  ApJ  792  30 
 6.517e+13, 4.272e-13, 4.610e-14,  59021.3242,  59021.3242,  ,NEOWISE    ,  Mainzer et al. 2014  ApJ  792  30 
 8.817e+13, 2.390e-13, 4.585e-14,  59020.9336,  59020.9336,  ,NEOWISE    ,  Mainzer et al. 2014  ApJ  792  30 
 6.517e+13, 3.790e-13, 3.845e-14,  59020.9336,  59020.9336,  ,NEOWISE    ,  Mainzer et al. 2014  ApJ  792  30 
 8.817e+13, 2.941e-13, 2.470e-14,  59020.8672,  59020.8672,  ,NEOWISE    ,  Mainzer et al. 2014  ApJ  792  30 
 6.517e+13, 3.889e-13, 3.985e-14,  59020.8672,  59020.8672,  ,NEOWISE    ,  Mainzer et al. 2014  ApJ  792  30 
 8.817e+13, 3.733e-13, 3.165e-14,  59021.4570,  59021.4570,  ,NEOWISE    ,  Mainzer et al. 2014  ApJ  792  30 
 6.517e+13, 2.969e-13, 3.455e-14,  59021.4570,  59021.4570,  ,NEOWISE    ,  Mainzer et al. 2014  ApJ  792  30 
 8.817e+13, 3.342e-13, 2.805e-14,  59021.4570,  59021.4570,  ,NEOWISE    ,  Mainzer et al. 2014  ApJ  792  30 
 6.517e+13, 3.914e-13, 4.230e-14,  59021.4570,  59021.4570,  ,NEOWISE    ,  Mainzer et al. 2014  ApJ  792  30 
 8.817e+13, 3.139e-13, 2.515e-14,  59020.6055,  59020.6055,  ,NEOWISE    ,  Mainzer et al. 2014  ApJ  792  30 
 6.517e+13, 3.185e-13, 4.120e-14,  59020.6055,  59020.6055,  ,NEOWISE    ,  Mainzer et al. 2014  ApJ  792  30 
 8.817e+13, 2.351e-13, 2.470e-14,  59020.6055,  59020.6055,  ,NEOWISE    ,  Mainzer et al. 2014  ApJ  792  30 
 6.517e+13, 3.121e-13, 3.830e-14,  59020.6055,  59020.6055,  ,NEOWISE    ,  Mainzer et al. 2014  ApJ  792  30 
 8.817e+13, 3.048e-13, 3.010e-14,  59020.7383,  59020.7383,  ,NEOWISE    ,  Mainzer et al. 2014  ApJ  792  30 
 6.517e+13, 2.769e-13, 5.155e-14,  59020.7383,  59020.7383,  ,NEOWISE    ,  Mainzer et al. 2014  ApJ  792  30 
 8.817e+13, 3.125e-13, 2.650e-14,  59020.8008,  59020.8008,  ,NEOWISE    ,  Mainzer et al. 2014  ApJ  792  30 
 6.517e+13, 3.356e-13, 3.750e-14,  59020.8008,  59020.8008,  ,NEOWISE    ,  Mainzer et al. 2014  ApJ  792  30 
 8.817e+13, 6.620e-12, 1.340e-13,  57568.7969,  57568.7969,  ,NEOWISE    ,  Mainzer et al. 2014  ApJ  792  30 
 6.517e+13, 7.116e-12, 1.445e-13,  57568.7969,  57568.7969,  ,NEOWISE    ,  Mainzer et al. 2014  ApJ  792  30 
 8.817e+13, 4.472e-13, 2.885e-14,  58289.0977,  58289.0977,  ,NEOWISE    ,  Mainzer et al. 2014  ApJ  792  30 
 6.517e+13, 4.780e-13, 4.850e-14,  58289.0977,  58289.0977,  ,NEOWISE    ,  Mainzer et al. 2014  ApJ  792  30 
 8.817e+13, 7.353e-13, 4.065e-14,  59752.3477,  59752.3477,  ,NEOWISE    ,  Mainzer et al. 2014  ApJ  792  30 
 6.517e+13, 1.026e-12, 6.990e-14,  59752.3477,  59752.3477,  ,NEOWISE    ,  Mainzer et al. 2014  ApJ  792  30 
 8.817e+13, 8.227e-13, 3.485e-14,  59752.2188,  59752.2188,  ,NEOWISE    ,  Mainzer et al. 2014  ApJ  792  30 
 6.517e+13, 9.969e-13, 6.230e-14,  59752.2188,  59752.2188,  ,NEOWISE    ,  Mainzer et al. 2014  ApJ  792  30 
 8.817e+13, 8.481e-13, 3.360e-14,  59752.0234,  59752.0234,  ,NEOWISE    ,  Mainzer et al. 2014  ApJ  792  30 
 6.517e+13, 3.008e-11, 4.700e-13,  59752.0234,  59752.0234,  ,NEOWISE    ,  Mainzer et al. 2014  ApJ  792  30 
 8.817e+13, 8.759e-13, 4.685e-14,  59751.6289,  59751.6289,  ,NEOWISE    ,  Mainzer et al. 2014  ApJ  792  30 
 6.517e+13, 1.020e-12, 4.975e-14,  59751.6289,  59751.6289,  ,NEOWISE    ,  Mainzer et al. 2014  ApJ  792  30 
 8.817e+13, 7.469e-13, 5.165e-14,  59751.7617,  59751.7617,  ,NEOWISE    ,  Mainzer et al. 2014  ApJ  792  30 
 6.517e+13, 9.151e-13, 6.580e-14,  59751.7617,  59751.7617,  ,NEOWISE    ,  Mainzer et al. 2014  ApJ  792  30 
 8.817e+13, 8.273e-13, 3.815e-14,  59751.8906,  59751.8906,  ,NEOWISE    ,  Mainzer et al. 2014  ApJ  792  30 
 6.517e+13, 8.893e-13, 6.475e-14,  59751.8906,  59751.8906,  ,NEOWISE    ,  Mainzer et al. 2014  ApJ  792  30 
 8.817e+13, 7.828e-13, 3.390e-14,  59752.6094,  59752.6094,  ,NEOWISE    ,  Mainzer et al. 2014  ApJ  792  30 
 6.517e+13, 9.978e-13, 5.075e-14,  59752.6094,  59752.6094,  ,NEOWISE    ,  Mainzer et al. 2014  ApJ  792  30 
 8.817e+13, 8.205e-13, 3.405e-14,  59752.0234,  59752.0234,  ,NEOWISE    ,  Mainzer et al. 2014  ApJ  792  30 
 6.517e+13, 9.025e-13, 4.490e-14,  59752.0234,  59752.0234,  ,NEOWISE    ,  Mainzer et al. 2014  ApJ  792  30 
 8.817e+13, 8.544e-13, 3.385e-14,  59752.4766,  59752.4766,  ,NEOWISE    ,  Mainzer et al. 2014  ApJ  792  30 
 6.517e+13, 9.067e-13, 5.430e-14,  59752.4766,  59752.4766,  ,NEOWISE    ,  Mainzer et al. 2014  ApJ  792  30 
 8.817e+13, 8.783e-13, 3.805e-14,  59751.6289,  59751.6289,  ,NEOWISE    ,  Mainzer et al. 2014  ApJ  792  30 
 6.517e+13, 8.627e-13, 5.645e-14,  59751.6289,  59751.6289,  ,NEOWISE    ,  Mainzer et al. 2014  ApJ  792  30 
 8.817e+13, 8.018e-13, 3.470e-14,  59752.0859,  59752.0859,  ,NEOWISE    ,  Mainzer et al. 2014  ApJ  792  30 
 6.517e+13, 1.017e-12, 6.375e-14,  59752.0859,  59752.0859,  ,NEOWISE    ,  Mainzer et al. 2014  ApJ  792  30 
 8.817e+13, 9.720e-13, 3.930e-14,  59752.1523,  59752.1523,  ,NEOWISE    ,  Mainzer et al. 2014  ApJ  792  30 
 6.517e+13, 9.742e-13, 4.480e-14,  59752.1523,  59752.1523,  ,NEOWISE    ,  Mainzer et al. 2014  ApJ  792  30 
 8.817e+13, 8.560e-13, 3.550e-14,  59752.2812,  59752.2812,  ,NEOWISE    ,  Mainzer et al. 2014  ApJ  792  30 
 6.517e+13, 9.261e-13, 4.605e-14,  59752.2812,  59752.2812,  ,NEOWISE    ,  Mainzer et al. 2014  ApJ  792  30 
 8.817e+13, 5.391e-13, 3.675e-14,  58860.4141,  58860.4141,  ,NEOWISE    ,  Mainzer et al. 2014  ApJ  792  30 
 6.517e+13, 6.740e-13, 5.720e-14,  58860.4141,  58860.4141,  ,NEOWISE    ,  Mainzer et al. 2014  ApJ  792  30 
 8.817e+13, 5.092e-13, 3.050e-14,  58860.8086,  58860.8086,  ,NEOWISE    ,  Mainzer et al. 2014  ApJ  792  30 
 6.517e+13, 6.431e-13, 5.215e-14,  58860.8086,  58860.8086,  ,NEOWISE    ,  Mainzer et al. 2014  ApJ  792  30 
 8.817e+13, 4.862e-13, 2.775e-14,  58860.2188,  58860.2188,  ,NEOWISE    ,  Mainzer et al. 2014  ApJ  792  30 
 6.517e+13, 5.113e-13, 4.245e-14,  58860.2188,  58860.2188,  ,NEOWISE    ,  Mainzer et al. 2014  ApJ  792  30 
 8.817e+13, 5.501e-13, 3.345e-14,  58860.6758,  58860.6758,  ,NEOWISE    ,  Mainzer et al. 2014  ApJ  792  30 
 6.517e+13, 5.684e-13, 4.770e-14,  58860.6758,  58860.6758,  ,NEOWISE    ,  Mainzer et al. 2014  ApJ  792  30 
 8.817e+13, 5.341e-13, 3.445e-14,  58860.3516,  58860.3516,  ,NEOWISE    ,  Mainzer et al. 2014  ApJ  792  30 
 6.517e+13, 4.536e-13, 4.520e-14,  58860.3516,  58860.3516,  ,NEOWISE    ,  Mainzer et al. 2014  ApJ  792  30 
 8.817e+13, 4.994e-13, 3.085e-14,  58860.8086,  58860.8086,  ,NEOWISE    ,  Mainzer et al. 2014  ApJ  792  30 
 6.517e+13, 5.006e-13, 4.615e-14,  58860.8086,  58860.8086,  ,NEOWISE    ,  Mainzer et al. 2014  ApJ  792  30 
 8.817e+13, 4.509e-13, 2.870e-14,  58859.9570,  58859.9570,  ,NEOWISE    ,  Mainzer et al. 2014  ApJ  792  30 
 6.517e+13, 4.969e-13, 5.455e-14,  58859.9570,  58859.9570,  ,NEOWISE    ,  Mainzer et al. 2014  ApJ  792  30 
 8.817e+13, 4.652e-13, 2.830e-14,  58860.2188,  58860.2188,  ,NEOWISE    ,  Mainzer et al. 2014  ApJ  792  30 
 6.517e+13, 6.238e-13, 4.430e-14,  58860.2188,  58860.2188,  ,NEOWISE    ,  Mainzer et al. 2014  ApJ  792  30 
 8.817e+13, 4.957e-13, 3.335e-14,  58860.4805,  58860.4805,  ,NEOWISE    ,  Mainzer et al. 2014  ApJ  792  30 
 6.517e+13, 6.012e-13, 5.490e-14,  58860.4805,  58860.4805,  ,NEOWISE    ,  Mainzer et al. 2014  ApJ  792  30 
 8.817e+13, 4.948e-13, 3.010e-14,  58860.5469,  58860.5469,  ,NEOWISE    ,  Mainzer et al. 2014  ApJ  792  30 
 6.517e+13, 5.270e-13, 4.615e-14,  58860.5469,  58860.5469,  ,NEOWISE    ,  Mainzer et al. 2014  ApJ  792  30 
 8.817e+13, 4.534e-13, 3.300e-14,  58860.0898,  58860.0898,  ,NEOWISE    ,  Mainzer et al. 2014  ApJ  792  30 
 6.517e+13, 6.727e-13, 6.830e-14,  58860.0898,  58860.0898,  ,NEOWISE    ,  Mainzer et al. 2014  ApJ  792  30 
 8.817e+13, 5.229e-13, 3.130e-14,  58860.2852,  58860.2852,  ,NEOWISE    ,  Mainzer et al. 2014  ApJ  792  30 
 6.517e+13, 5.806e-13, 4.600e-14,  58860.2852,  58860.2852,  ,NEOWISE    ,  Mainzer et al. 2014  ApJ  792  30 
 8.817e+13, 6.133e-12, 1.190e-13,  57569.1914,  57569.1914,  ,NEOWISE    ,  Mainzer et al. 2014  ApJ  792  30 
 6.517e+13, 6.715e-12, 1.175e-13,  57569.1914,  57569.1914,  ,NEOWISE    ,  Mainzer et al. 2014  ApJ  792  30 
 8.817e+13, 6.054e-12, 1.115e-13,  57569.3203,  57569.3203,  ,NEOWISE    ,  Mainzer et al. 2014  ApJ  792  30 
 6.517e+13, 6.302e-12, 1.105e-13,  57569.3203,  57569.3203,  ,NEOWISE    ,  Mainzer et al. 2014  ApJ  792  30 
 8.817e+13, 5.819e-13, 3.110e-14,  59591.4492,  59591.4492,  ,NEOWISE    ,  Mainzer et al. 2014  ApJ  792  30 
 6.517e+13, 3.976e-13, 4.585e-14,  59591.4492,  59591.4492,  ,NEOWISE    ,  Mainzer et al. 2014  ApJ  792  30 
 8.817e+13, 5.851e-13, 2.965e-14,  59591.3867,  59591.3867,  ,NEOWISE    ,  Mainzer et al. 2014  ApJ  792  30 
 6.517e+13, 6.029e-13, 4.945e-14,  59591.3867,  59591.3867,  ,NEOWISE    ,  Mainzer et al. 2014  ApJ  792  30 
 8.817e+13, 1.413e-12, 4.300e-14,  57929.0859,  57929.0859,  ,NEOWISE    ,  Mainzer et al. 2014  ApJ  792  30 
 6.517e+13, 1.584e-12, 6.150e-14,  57929.0859,  57929.0859,  ,NEOWISE    ,  Mainzer et al. 2014  ApJ  792  30 
 8.817e+13, 1.308e-12, 4.850e-14,  57929.2148,  57929.2148,  ,NEOWISE    ,  Mainzer et al. 2014  ApJ  792  30 
 6.517e+13, 1.393e-12, 5.150e-14,  57929.2148,  57929.2148,  ,NEOWISE    ,  Mainzer et al. 2014  ApJ  792  30 
 8.817e+13, 1.151e-12, 3.800e-14,  57929.5430,  57929.5430,  ,NEOWISE    ,  Mainzer et al. 2014  ApJ  792  30 
 6.517e+13, 1.325e-12, 5.600e-14,  57929.5430,  57929.5430,  ,NEOWISE    ,  Mainzer et al. 2014  ApJ  792  30 
 8.817e+13, 1.374e-12, 5.300e-14,  57929.1523,  57929.1523,  ,NEOWISE    ,  Mainzer et al. 2014  ApJ  792  30 
 6.517e+13, 1.415e-12, 5.900e-14,  57929.1523,  57929.1523,  ,NEOWISE    ,  Mainzer et al. 2014  ApJ  792  30 
 8.817e+13, 1.616e-12, 4.350e-14,  57929.0195,  57929.0195,  ,NEOWISE    ,  Mainzer et al. 2014  ApJ  792  30 
 6.517e+13, 1.574e-12, 5.100e-14,  57929.0195,  57929.0195,  ,NEOWISE    ,  Mainzer et al. 2014  ApJ  792  30 
 8.817e+13, 1.108e-12, 4.150e-14,  57929.6758,  57929.6758,  ,NEOWISE    ,  Mainzer et al. 2014  ApJ  792  30 
 6.517e+13, 1.223e-12, 5.000e-14,  57929.6758,  57929.6758,  ,NEOWISE    ,  Mainzer et al. 2014  ApJ  792  30 
 8.817e+13, 1.384e-12, 5.750e-14,  57928.6914,  57928.6914,  ,NEOWISE    ,  Mainzer et al. 2014  ApJ  792  30 
 6.517e+13, 1.506e-12, 5.700e-14,  57928.6914,  57928.6914,  ,NEOWISE    ,  Mainzer et al. 2014  ApJ  792  30 
 8.817e+13, 1.642e-12, 5.000e-14,  57928.8242,  57928.8242,  ,NEOWISE    ,  Mainzer et al. 2014  ApJ  792  30 
 6.517e+13, 1.638e-12, 5.750e-14,  57928.8242,  57928.8242,  ,NEOWISE    ,  Mainzer et al. 2014  ApJ  792  30 
 8.817e+13, 1.322e-12, 4.600e-14,  57929.2148,  57929.2148,  ,NEOWISE    ,  Mainzer et al. 2014  ApJ  792  30 
 6.517e+13, 1.477e-12, 6.250e-14,  57929.2148,  57929.2148,  ,NEOWISE    ,  Mainzer et al. 2014  ApJ  792  30 
 8.817e+13, 1.209e-12, 5.000e-14,  57929.2812,  57929.2812,  ,NEOWISE    ,  Mainzer et al. 2014  ApJ  792  30 
 6.517e+13, 1.432e-12, 6.450e-14,  57929.2812,  57929.2812,  ,NEOWISE    ,  Mainzer et al. 2014  ApJ  792  30 
 8.817e+13, 1.211e-12, 3.900e-14,  57929.4141,  57929.4141,  ,NEOWISE    ,  Mainzer et al. 2014  ApJ  792  30 
 6.517e+13, 1.403e-12, 5.700e-14,  57929.4141,  57929.4141,  ,NEOWISE    ,  Mainzer et al. 2014  ApJ  792  30 
 8.817e+13, 1.098e-12, 4.050e-14,  57929.6758,  57929.6758,  ,NEOWISE    ,  Mainzer et al. 2014  ApJ  792  30 
 6.517e+13, 1.267e-12, 4.900e-14,  57929.6758,  57929.6758,  ,NEOWISE    ,  Mainzer et al. 2014  ApJ  792  30 
 8.817e+13, 9.810e-13, 3.905e-14,  57209.4492,  57209.4492,  ,NEOWISE    ,  Mainzer et al. 2014  ApJ  792  30 
 6.517e+13, 1.149e-12, 5.200e-14,  57209.4492,  57209.4492,  ,NEOWISE    ,  Mainzer et al. 2014  ApJ  792  30 
 8.817e+13, 3.446e-13, 3.495e-14,  59388.2422,  59388.2422,  ,NEOWISE    ,  Mainzer et al. 2014  ApJ  792  30 
 6.517e+13, 5.324e-13, 4.415e-14,  59388.2422,  59388.2422,  ,NEOWISE    ,  Mainzer et al. 2014  ApJ  792  30 
 8.817e+13, 4.314e-13, 3.065e-14,  59388.3750,  59388.3750,  ,NEOWISE    ,  Mainzer et al. 2014  ApJ  792  30 
 6.517e+13, 4.607e-13, 4.380e-14,  59388.3750,  59388.3750,  ,NEOWISE    ,  Mainzer et al. 2014  ApJ  792  30 
 8.817e+13, 5.629e-13, 4.515e-14,  59388.1133,  59388.1133,  ,NEOWISE    ,  Mainzer et al. 2014  ApJ  792  30 
 6.517e+13, 5.165e-13, 4.620e-14,  59388.1133,  59388.1133,  ,NEOWISE    ,  Mainzer et al. 2014  ApJ  792  30 
 8.817e+13, 4.661e-13, 2.875e-14,  59388.5039,  59388.5039,  ,NEOWISE    ,  Mainzer et al. 2014  ApJ  792  30 
 6.517e+13, 4.767e-13, 4.705e-14,  59388.5039,  59388.5039,  ,NEOWISE    ,  Mainzer et al. 2014  ApJ  792  30 
 8.817e+13, 3.442e-13, 2.600e-14,  59387.5234,  59387.5234,  ,NEOWISE    ,  Mainzer et al. 2014  ApJ  792  30 
 6.517e+13, 3.304e-13, 4.950e-14,  59387.5234,  59387.5234,  ,NEOWISE    ,  Mainzer et al. 2014  ApJ  792  30 
 8.817e+13, 4.935e-13, 3.825e-14,  59387.7852,  59387.7852,  ,NEOWISE    ,  Mainzer et al. 2014  ApJ  792  30 
 6.517e+13, 4.983e-13, 9.650e-14,  59387.7852,  59387.7852,  ,NEOWISE    ,  Mainzer et al. 2014  ApJ  792  30 
 8.817e+13, 4.605e-13, 2.970e-14,  59387.6562,  59387.6562,  ,NEOWISE    ,  Mainzer et al. 2014  ApJ  792  30 
 6.517e+13, 5.519e-13, 5.905e-14,  59387.6562,  59387.6562,  ,NEOWISE    ,  Mainzer et al. 2014  ApJ  792  30 
 8.817e+13, 2.739e-13, 2.855e-14,  59387.9844,  59387.9844,  ,NEOWISE    ,  Mainzer et al. 2014  ApJ  792  30 
 6.517e+13, 2.733e-13, 5.575e-14,  59387.9844,  59387.9844,  ,NEOWISE    ,  Mainzer et al. 2014  ApJ  792  30 
 8.817e+13, 4.294e-13, 3.365e-14,  59388.0469,  59388.0469,  ,NEOWISE    ,  Mainzer et al. 2014  ApJ  792  30 
 6.517e+13, 4.478e-13, 4.670e-14,  59388.0469,  59388.0469,  ,NEOWISE    ,  Mainzer et al. 2014  ApJ  792  30 
 8.817e+13, 4.567e-13, 2.860e-14,  59388.5039,  59388.5039,  ,NEOWISE    ,  Mainzer et al. 2014  ApJ  792  30 
 6.517e+13, 5.668e-13, 5.490e-14,  59388.5039,  59388.5039,  ,NEOWISE    ,  Mainzer et al. 2014  ApJ  792  30 
 8.817e+13, 5.583e-13, 3.240e-14,  59384.5195,  59384.5195,  ,NEOWISE    ,  Mainzer et al. 2014  ApJ  792  30 
 6.517e+13, 7.356e-13, 7.125e-14,  59384.5195,  59384.5195,  ,NEOWISE    ,  Mainzer et al. 2014  ApJ  792  30 
 8.817e+13, 4.346e-13, 3.000e-14,  59387.9180,  59387.9180,  ,NEOWISE    ,  Mainzer et al. 2014  ApJ  792  30 
 6.517e+13, 2.830e-13, 4.795e-14,  59387.9180,  59387.9180,  ,NEOWISE    ,  Mainzer et al. 2014  ApJ  792  30 
 8.817e+13, 4.018e-13, 2.665e-14,  59388.1797,  59388.1797,  ,NEOWISE    ,  Mainzer et al. 2014  ApJ  792  30 
 6.517e+13, 5.275e-13, 6.970e-14,  59388.1797,  59388.1797,  ,NEOWISE    ,  Mainzer et al. 2014  ApJ  792  30 
 8.817e+13, 8.427e-13, 3.805e-14,  55573.4531,  55573.4531,  ,WISEME    ,  Wright et al. 2010  AJ  140  1868 
 6.517e+13, 1.020e-12, 5.260e-14,  55573.4531,  55573.4531,  ,WISEME    ,  Wright et al. 2010  AJ  140  1868 
 8.817e+13, 8.273e-13, 4.650e-14,  55386.5078,  55386.5078,  ,WISEME    ,  Wright et al. 2010  AJ  140  1868 
 6.517e+13, 1.098e-12, 5.650e-14,  55386.5078,  55386.5078,  ,WISEME    ,  Wright et al. 2010  AJ  140  1868 
 2.498e+13, 1.502e-12, 1.245e-13,  55386.5078,  55386.5078,  ,WISEME    ,  Wright et al. 2010  AJ  140  1868 
 1.363e+13, 2.432e-12, 4.870e-13,  55386.5078,  55386.5078,  ,WISEME    ,  Wright et al. 2010  AJ  140  1868 
 8.817e+13, 8.873e-13, 4.250e-14,  55386.4414,  55386.4414,  ,WISEME    ,  Wright et al. 2010  AJ  140  1868 
 6.517e+13, 1.167e-12, 5.300e-14,  55386.4414,  55386.4414,  ,WISEME    ,  Wright et al. 2010  AJ  140  1868 
 2.498e+13, 1.421e-12, 1.220e-13,  55386.4414,  55386.4414,  ,WISEME    ,  Wright et al. 2010  AJ  140  1868 
 1.363e+13, 2.192e-12, 3.935e-13,  55386.4414,  55386.4414,  ,WISEME    ,  Wright et al. 2010  AJ  140  1868 
 8.817e+13, 9.054e-13, 4.255e-14,  55386.3750,  55386.3750,  ,WISEME    ,  Wright et al. 2010  AJ  140  1868 
 6.517e+13, 1.138e-12, 5.550e-14,  55386.3750,  55386.3750,  ,WISEME    ,  Wright et al. 2010  AJ  140  1868 
 2.498e+13, 1.307e-12, 1.265e-13,  55386.3750,  55386.3750,  ,WISEME    ,  Wright et al. 2010  AJ  140  1868 
 1.363e+13, 2.575e-12, 4.025e-13,  55386.3750,  55386.3750,  ,WISEME    ,  Wright et al. 2010  AJ  140  1868 
 8.817e+13, 7.886e-13, 4.580e-14,  55386.3086,  55386.3086,  ,WISEME    ,  Wright et al. 2010  AJ  140  1868 
 6.517e+13, 1.154e-12, 5.550e-14,  55386.3086,  55386.3086,  ,WISEME    ,  Wright et al. 2010  AJ  140  1868 
 2.498e+13, 1.628e-12, 1.340e-13,  55386.3086,  55386.3086,  ,WISEME    ,  Wright et al. 2010  AJ  140  1868 
 1.363e+13, 2.118e-12, 4.165e-13,  55386.3086,  55386.3086,  ,WISEME    ,  Wright et al. 2010  AJ  140  1868 
 8.817e+13, 7.728e-13, 4.915e-14,  55386.3086,  55386.3086,  ,WISEME    ,  Wright et al. 2010  AJ  140  1868 
 6.517e+13, 1.100e-12, 5.250e-14,  55386.3086,  55386.3086,  ,WISEME    ,  Wright et al. 2010  AJ  140  1868 
 2.498e+13, 1.252e-12, 1.235e-13,  55386.3086,  55386.3086,  ,WISEME    ,  Wright et al. 2010  AJ  140  1868 
 1.363e+13, 3.391e-12, 3.975e-13,  55386.3086,  55386.3086,  ,WISEME    ,  Wright et al. 2010  AJ  140  1868 
 8.817e+13, 7.778e-13, 4.870e-14,  55574.4453,  55574.4453,  ,WISEME    ,  Wright et al. 2010  AJ  140  1868 
 6.517e+13, 8.909e-13, 6.325e-14,  55574.4453,  55574.4453,  ,WISEME    ,  Wright et al. 2010  AJ  140  1868 
 8.817e+13, 8.220e-13, 4.700e-14,  55574.3125,  55574.3125,  ,WISEME    ,  Wright et al. 2010  AJ  140  1868 
 6.517e+13, 9.564e-13, 6.805e-14,  55574.3125,  55574.3125,  ,WISEME    ,  Wright et al. 2010  AJ  140  1868 
 8.817e+13, 8.092e-13, 4.550e-14,  55574.1797,  55574.1797,  ,WISEME    ,  Wright et al. 2010  AJ  140  1868 
 6.517e+13, 1.004e-12, 5.440e-14,  55574.1797,  55574.1797,  ,WISEME    ,  Wright et al. 2010  AJ  140  1868 
 8.817e+13, 8.615e-13, 4.045e-14,  55386.2422,  55386.2422,  ,WISEME    ,  Wright et al. 2010  AJ  140  1868 
 6.517e+13, 1.140e-12, 5.350e-14,  55386.2422,  55386.2422,  ,WISEME    ,  Wright et al. 2010  AJ  140  1868 
 2.498e+13, 1.433e-12, 1.160e-13,  55386.2422,  55386.2422,  ,WISEME    ,  Wright et al. 2010  AJ  140  1868 
 1.363e+13, 2.120e-12, 5.125e-13,  55386.2422,  55386.2422,  ,WISEME    ,  Wright et al. 2010  AJ  140  1868 
 8.817e+13, 9.038e-13, 4.830e-14,  55386.1758,  55386.1758,  ,WISEME    ,  Wright et al. 2010  AJ  140  1868 
 6.517e+13, 1.138e-12, 6.100e-14,  55386.1758,  55386.1758,  ,WISEME    ,  Wright et al. 2010  AJ  140  1868 
 2.498e+13, 1.452e-12, 1.230e-13,  55386.1758,  55386.1758,  ,WISEME    ,  Wright et al. 2010  AJ  140  1868 
 1.363e+13, 2.245e-12, 4.245e-13,  55386.1758,  55386.1758,  ,WISEME    ,  Wright et al. 2010  AJ  140  1868 
 8.817e+13, 8.938e-13, 4.120e-14,  55386.0469,  55386.0469,  ,WISEME    ,  Wright et al. 2010  AJ  140  1868 
 6.517e+13, 1.209e-12, 5.150e-14,  55386.0469,  55386.0469,  ,WISEME    ,  Wright et al. 2010  AJ  140  1868 
 2.498e+13, 1.658e-12, 1.270e-13,  55386.0469,  55386.0469,  ,WISEME    ,  Wright et al. 2010  AJ  140  1868 
 1.363e+13, 2.286e-12, 4.295e-13,  55386.0469,  55386.0469,  ,WISEME    ,  Wright et al. 2010  AJ  140  1868 
 8.817e+13, 8.938e-13, 4.530e-14,  55385.9141,  55385.9141,  ,WISEME    ,  Wright et al. 2010  AJ  140  1868 
 6.517e+13, 2.520e-12, 7.200e-14,  55385.9141,  55385.9141,  ,WISEME    ,  Wright et al. 2010  AJ  140  1868 
 2.498e+13, 1.598e-12, 1.490e-13,  55385.9141,  55385.9141,  ,WISEME    ,  Wright et al. 2010  AJ  140  1868 
 1.363e+13, 1.957e-12, 5.025e-13,  55385.9141,  55385.9141,  ,WISEME    ,  Wright et al. 2010  AJ  140  1868 
 8.817e+13, 1.820e-12, 5.050e-14,  55211.6914,  55211.6914,  ,WISEME    ,  Wright et al. 2010  AJ  140  1868 
 6.517e+13, 2.244e-12, 7.250e-14,  55211.6914,  55211.6914,  ,WISEME    ,  Wright et al. 2010  AJ  140  1868 
 2.498e+13, 2.416e-12, 1.200e-13,  55211.6914,  55211.6914,  ,WISEME    ,  Wright et al. 2010  AJ  140  1868 
 1.363e+13, 2.734e-12, 5.245e-13,  55211.6914,  55211.6914,  ,WISEME    ,  Wright et al. 2010  AJ  140  1868 
 8.817e+13, 1.827e-12, 5.350e-14,  55211.5586,  55211.5586,  ,WISEME    ,  Wright et al. 2010  AJ  140  1868 
 6.517e+13, 2.339e-12, 7.550e-14,  55211.5586,  55211.5586,  ,WISEME    ,  Wright et al. 2010  AJ  140  1868 
 2.498e+13, 2.363e-12, 1.240e-13,  55211.5586,  55211.5586,  ,WISEME    ,  Wright et al. 2010  AJ  140  1868 
 1.363e+13, 2.935e-12, 4.205e-13,  55211.5586,  55211.5586,  ,WISEME    ,  Wright et al. 2010  AJ  140  1868 
 8.817e+13, 1.947e-12, 4.700e-14,  55211.4297,  55211.4297,  ,WISEME    ,  Wright et al. 2010  AJ  140  1868 
 6.517e+13, 2.467e-12, 6.850e-14,  55211.4297,  55211.4297,  ,WISEME    ,  Wright et al. 2010  AJ  140  1868 
 2.498e+13, 2.236e-12, 1.235e-13,  55211.4297,  55211.4297,  ,WISEME    ,  Wright et al. 2010  AJ  140  1868 
 1.363e+13, 2.892e-12, 4.005e-13,  55211.4297,  55211.4297,  ,WISEME    ,  Wright et al. 2010  AJ  140  1868 
 8.817e+13, 1.936e-12, 1.230e-13,  55211.3633,  55211.3633,  ,WISEME    ,  Wright et al. 2010  AJ  140  1868 
 6.517e+13, 2.228e-12, 6.150e-14,  55211.3633,  55211.3633,  ,WISEME    ,  Wright et al. 2010  AJ  140  1868 
 2.498e+13, 2.344e-12, 1.230e-13,  55211.3633,  55211.3633,  ,WISEME    ,  Wright et al. 2010  AJ  140  1868 
 1.363e+13, 2.706e-12, 4.125e-13,  55211.3633,  55211.3633,  ,WISEME    ,  Wright et al. 2010  AJ  140  1868 
 8.817e+13, 1.961e-12, 4.850e-14,  55211.2969,  55211.2969,  ,WISEME    ,  Wright et al. 2010  AJ  140  1868 
 6.517e+13, 2.427e-12, 6.700e-14,  55211.2969,  55211.2969,  ,WISEME    ,  Wright et al. 2010  AJ  140  1868 
 2.498e+13, 2.267e-12, 1.195e-13,  55211.2969,  55211.2969,  ,WISEME    ,  Wright et al. 2010  AJ  140  1868 
 1.363e+13, 2.329e-12, 4.445e-13,  55211.2969,  55211.2969,  ,WISEME    ,  Wright et al. 2010  AJ  140  1868 
 8.817e+13, 1.914e-12, 4.800e-14,  55211.2305,  55211.2305,  ,WISEME    ,  Wright et al. 2010  AJ  140  1868 
 6.517e+13, 2.398e-12, 5.950e-14,  55211.2305,  55211.2305,  ,WISEME    ,  Wright et al. 2010  AJ  140  1868 
 2.498e+13, 2.500e-12, 1.335e-13,  55211.2305,  55211.2305,  ,WISEME    ,  Wright et al. 2010  AJ  140  1868 
 1.363e+13, 2.808e-12, 4.310e-13,  55211.2305,  55211.2305,  ,WISEME    ,  Wright et al. 2010  AJ  140  1868 
 8.817e+13, 1.966e-12, 4.900e-14,  55211.1641,  55211.1641,  ,WISEME    ,  Wright et al. 2010  AJ  140  1868 
 6.517e+13, 2.400e-12, 6.400e-14,  55211.1641,  55211.1641,  ,WISEME    ,  Wright et al. 2010  AJ  140  1868 
 2.498e+13, 2.714e-12, 1.450e-13,  55211.1641,  55211.1641,  ,WISEME    ,  Wright et al. 2010  AJ  140  1868 
 1.363e+13, 2.834e-12, 4.875e-13,  55211.1641,  55211.1641,  ,WISEME    ,  Wright et al. 2010  AJ  140  1868 
 8.817e+13, 1.968e-12, 6.000e-14,  55211.1641,  55211.1641,  ,WISEME    ,  Wright et al. 2010  AJ  140  1868 
 6.517e+13, 2.461e-12, 6.150e-14,  55211.1641,  55211.1641,  ,WISEME    ,  Wright et al. 2010  AJ  140  1868 
 2.498e+13, 2.542e-12, 1.240e-13,  55211.1641,  55211.1641,  ,WISEME    ,  Wright et al. 2010  AJ  140  1868 
 1.363e+13, 2.368e-12, 5.705e-13,  55211.1641,  55211.1641,  ,WISEME    ,  Wright et al. 2010  AJ  140  1868 
 8.817e+13, 2.051e-12, 4.900e-14,  55211.0977,  55211.0977,  ,WISEME    ,  Wright et al. 2010  AJ  140  1868 
 6.517e+13, 2.443e-12, 6.300e-14,  55211.0977,  55211.0977,  ,WISEME    ,  Wright et al. 2010  AJ  140  1868 
 2.498e+13, 2.635e-12, 1.435e-13,  55211.0977,  55211.0977,  ,WISEME    ,  Wright et al. 2010  AJ  140  1868 
 1.363e+13, 2.884e-12, 5.260e-13,  55211.0977,  55211.0977,  ,WISEME    ,  Wright et al. 2010  AJ  140  1868 
 8.817e+13, 2.117e-12, 5.050e-14,  55210.9648,  55210.9648,  ,WISEME    ,  Wright et al. 2010  AJ  140  1868 
 6.517e+13, 2.598e-12, 6.200e-14,  55210.9648,  55210.9648,  ,WISEME    ,  Wright et al. 2010  AJ  140  1868 
 2.498e+13, 2.797e-12, 1.260e-13,  55210.9648,  55210.9648,  ,WISEME    ,  Wright et al. 2010  AJ  140  1868 
 1.363e+13, 3.036e-12, 5.340e-13,  55210.9648,  55210.9648,  ,WISEME    ,  Wright et al. 2010  AJ  140  1868 
 8.817e+13, 2.262e-12, 5.000e-14,  55210.8320,  55210.8320,  ,WISEME    ,  Wright et al. 2010  AJ  140  1868 
 6.517e+13, 2.634e-12, 6.550e-14,  55210.8320,  55210.8320,  ,WISEME    ,  Wright et al. 2010  AJ  140  1868 
 2.498e+13, 2.729e-12, 1.235e-13,  55210.8320,  55210.8320,  ,WISEME    ,  Wright et al. 2010  AJ  140  1868 
 1.363e+13, 3.251e-12, 3.875e-13,  55210.8320,  55210.8320,  ,WISEME    ,  Wright et al. 2010  AJ  140  1868 
 8.817e+13, 7.462e-13, 4.125e-14,  55574.1133,  55574.1133,  ,WISEME    ,  Wright et al. 2010  AJ  140  1868 
 6.517e+13, 1.014e-12, 4.840e-14,  55574.1133,  55574.1133,  ,WISEME    ,  Wright et al. 2010  AJ  140  1868 
 8.817e+13, 7.857e-13, 4.275e-14,  55574.0469,  55574.0469,  ,WISEME    ,  Wright et al. 2010  AJ  140  1868 
 6.517e+13, 8.330e-13, 5.685e-14,  55574.0469,  55574.0469,  ,WISEME    ,  Wright et al. 2010  AJ  140  1868 
 8.817e+13, 7.239e-13, 4.805e-14,  55573.9805,  55573.9805,  ,WISEME    ,  Wright et al. 2010  AJ  140  1868 
 6.517e+13, 7.653e-13, 5.360e-14,  55573.9805,  55573.9805,  ,WISEME    ,  Wright et al. 2010  AJ  140  1868 
 8.817e+13, 8.403e-13, 4.180e-14,  55573.9141,  55573.9141,  ,WISEME    ,  Wright et al. 2010  AJ  140  1868 
 6.517e+13, 9.398e-13, 6.000e-14,  55573.9141,  55573.9141,  ,WISEME    ,  Wright et al. 2010  AJ  140  1868 
 8.817e+13, 8.372e-13, 4.245e-14,  55386.7734,  55386.7734,  ,WISEME    ,  Wright et al. 2010  AJ  140  1868 
 6.517e+13, 1.058e-12, 5.900e-14,  55386.7734,  55386.7734,  ,WISEME    ,  Wright et al. 2010  AJ  140  1868 
 2.498e+13, 1.512e-12, 1.310e-13,  55386.7734,  55386.7734,  ,WISEME    ,  Wright et al. 2010  AJ  140  1868 
 1.363e+13, 1.189e-12, 4.632e-13,  55386.7734,  55386.7734,  ,WISEME    ,  Wright et al. 2010  AJ  140  1868 
 8.817e+13, 7.531e-13, 4.790e-14,  55386.9062,  55386.9062,  ,WISEME    ,  Wright et al. 2010  AJ  140  1868 
 6.517e+13, 9.671e-13, 5.345e-14,  55386.9062,  55386.9062,  ,WISEME    ,  Wright et al. 2010  AJ  140  1868 
 2.498e+13, 1.073e-12, 1.369e-13,  55386.9062,  55386.9062,  ,WISEME    ,  Wright et al. 2010  AJ  140  1868 
 1.363e+13, 2.746e-12, 1.016e-12,  55386.9062,  55386.9062,  ,WISEME    ,  Wright et al. 2010  AJ  140  1868 
 8.817e+13, 9.104e-13, 4.275e-14,  55386.6406,  55386.6406,  ,WISEME    ,  Wright et al. 2010  AJ  140  1868 
 6.517e+13, 1.190e-12, 5.150e-14,  55386.6406,  55386.6406,  ,WISEME    ,  Wright et al. 2010  AJ  140  1868 
 2.498e+13, 1.393e-12, 1.180e-13,  55386.6406,  55386.6406,  ,WISEME    ,  Wright et al. 2010  AJ  140  1868 
 1.363e+13, 2.502e-12, 4.095e-13,  55386.6406,  55386.6406,  ,WISEME    ,  Wright et al. 2010  AJ  140  1868 
 8.817e+13, 8.357e-13, 4.775e-14,  55573.5820,  55573.5820,  ,WISEME    ,  Wright et al. 2010  AJ  140  1868 
 6.517e+13, 9.538e-13, 5.730e-14,  55573.5820,  55573.5820,  ,WISEME    ,  Wright et al. 2010  AJ  140  1868 
 8.817e+13, 8.489e-13, 5.005e-14,  55573.7148,  55573.7148,  ,WISEME    ,  Wright et al. 2010  AJ  140  1868 
 6.517e+13, 8.096e-13, 5.675e-14,  55573.7148,  55573.7148,  ,WISEME    ,  Wright et al. 2010  AJ  140  1868 
 8.817e+13, 7.490e-13, 4.075e-14,  55573.8477,  55573.8477,  ,WISEME    ,  Wright et al. 2010  AJ  140  1868 
 6.517e+13, 9.134e-13, 5.810e-14,  55573.8477,  55573.8477,  ,WISEME    ,  Wright et al. 2010  AJ  140  1868 
 4.455e+14, 3.409e-13, 0.000e+00,  55000.0000,  55000.0000,  ,GAIA    ,  The Gaia Collaboration 2016  A&A  595  A2 
 6.813e+14, 1.771e-13, 8.475e-14,  55000.0000,  55000.0000,  ,HSTGSC    ,  Lasker et al. 2008  AJ  136  735 
 6.233e+14, 6.149e-13, 7.300e-15,  55000.0000,  55000.0000,  ,PanSTARRS    ,  Flewelling et al. 2020  ApJS  251  7 
 4.859e+14, 8.483e-13, 2.005e-14,  55000.0000,  55000.0000,  ,PanSTARRS    ,  Flewelling et al. 2020  ApJS  251  7 
 3.987e+14, 8.106e-13, 2.810e-14,  55000.0000,  55000.0000,  ,PanSTARRS    ,  Flewelling et al. 2020  ApJS  251  7 
 3.462e+14, 6.549e-13, 3.845e-14,  55000.0000,  55000.0000,  ,PanSTARRS    ,  Flewelling et al. 2020  ApJS  251  7 
 3.116e+14, 6.221e-13, 5.875e-14,  55000.0000,  55000.0000,  ,PanSTARRS    ,  Flewelling et al. 2020  ApJS  251  7 
 8.402e+14, 7.626e-13, 2.460e-14,  55000.0000,  55000.0000,  ,SDSS    ,  Abolfathi et al. 2018  ApJS  235  42 
 6.443e+14, 6.261e-13, 6.900e-15,  55000.0000,  55000.0000,  ,SDSS    ,  Abolfathi et al. 2018  ApJS  235  42 
 4.876e+14, 6.722e-13, 6.800e-15,  55000.0000,  55000.0000,  ,SDSS    ,  Abolfathi et al. 2018  ApJS  235  42 
 4.014e+14, 6.311e-13, 6.950e-15,  55000.0000,  55000.0000,  ,SDSS    ,  Abolfathi et al. 2018  ApJS  235  42 
 3.382e+14, 6.092e-13, 2.075e-14,  55000.0000,  55000.0000,  ,SDSS    ,  Abolfathi et al. 2018  ApJS  235  42 
 1.295e+15, 5.535e-13, 7.590e-14,  55000.0000,  55000.0000,  ,GALEX    ,  Morrissey et al. 2007  ApJS  173  682 
 8.563e+14, 8.512e-13, 1.830e-14,  55000.0000,  55000.0000,  ,UVOT    ,  Yershov et al. 2014  Ap&SS  354  97 
 1.138e+15, 8.938e-13, 5.345e-14,  55000.0000,  55000.0000,  ,UVOT    ,  Yershov et al. 2014  Ap&SS  354  97 
 2.418e+17, 9.776e-14, 3.092e-14,  55072.0000,  55073.0000,  ,OUSXB    ,  Giommi et al. 2019  A&A  631  A116 
 1.209e+17, 8.137e-14, 2.861e-14,  55072.0000,  55073.0000,  ,OUSXB    ,  Giommi et al. 2019  A&A  631  A116 
 3.627e+17, 1.141e-13, 3.320e-14,  55072.0000,  55073.0000,  ,OUSXB    ,  Giommi et al. 2019  A&A  631  A116 
 7.253e+17, 1.249e-13, 2.290e-14,  55072.0000,  55073.0000,  ,OUSXB    ,  Giommi et al. 2019  A&A  631  A116 
 1.088e+18, 1.319e-13, 4.641e-14,  55072.0000,  55073.0000,  ,OUSXB    ,  Giommi et al. 2019  A&A  631  A116 
 1.209e+25, 1.765e-13, 5.355e-14,  55000.0000,  55000.0000,  ,3FHL    ,  The Fermi-LAT Collaboration 2017  ApJS  323  18 
 3.627e+24, 9.809e-13, 3.545e-13,  55000.0000,  55000.0000,  ,3FHL    ,  The Fermi-LAT Collaboration 2017  ApJS  323  18 
 8.462e+24, 4.560e-13, 2.698e-13,  55000.0000,  55000.0000,  ,3FHL    ,  The Fermi-LAT Collaboration 2017  ApJS  323  18 
 2.418e+25, 1.160e-12, 0.000e+00,  55000.0000,  55000.0000,UL,3FHL     ,  The Fermi-LAT Collaboration 2017  ApJS  323  18 
 7.253e+25, 3.458e-12, 0.000e+00,  55000.0000,  55000.0000,UL,3FHL     ,  The Fermi-LAT Collaboration 2017  ApJS  323  18 
 2.418e+26, 1.229e-11, 0.000e+00,  55000.0000,  55000.0000,UL,3FHL     ,  The Fermi-LAT Collaboration 2017  ApJS  323  18 
 2.418e+23, 4.098e-12, 1.735e-13,  55000.0000,  55000.0000,  ,4FGL-DR3    ,  The Fermi-LAT Collaboration 2022  arXiv:2201.11184 
 1.813e+22, 1.077e-11, 0.000e+00,  55000.0000,  55000.0000,UL,4FGL-DR3     ,  The Fermi-LAT Collaboration 2022  arXiv:2201.11184 
 4.835e+22, 5.660e-12, 1.040e-12,  55000.0000,  55000.0000,  ,4FGL-DR3    ,  The Fermi-LAT Collaboration 2022  arXiv:2201.11184 
 1.451e+23, 4.922e-12, 2.745e-13,  55000.0000,  55000.0000,  ,4FGL-DR3    ,  The Fermi-LAT Collaboration 2022  arXiv:2201.11184 
 4.835e+23, 3.412e-12, 1.970e-13,  55000.0000,  55000.0000,  ,4FGL-DR3    ,  The Fermi-LAT Collaboration 2022  arXiv:2201.11184 
 1.451e+24, 1.680e-12, 1.830e-13,  55000.0000,  55000.0000,  ,4FGL-DR3    ,  The Fermi-LAT Collaboration 2022  arXiv:2201.11184 
 4.835e+24, 7.679e-13, 2.200e-13,  55000.0000,  55000.0000,  ,4FGL-DR3    ,  The Fermi-LAT Collaboration 2022  arXiv:2201.11184 
 1.451e+25, 3.513e-13, 2.211e-13,  55000.0000,  55000.0000,  ,4FGL-DR3    ,  The Fermi-LAT Collaboration 2022  arXiv:2201.11184 
 1.451e+26, 1.096e-12, 0.000e+00,  55000.0000,  55000.0000,UL,4FGL-DR3     ,  The Fermi-LAT Collaboration 2022  arXiv:2201.11184 
 1.209e+25, 2.921e-13, 8.860e-14,  55000.0000,  55000.0000,  ,DEBL    ,  EBL-corrected flux 
 8.462e+24, 5.055e-13, 2.991e-13,  55000.0000,  55000.0000,  ,DEBL    ,  EBL-corrected flux 
 4.835e+24, 7.679e-13, 2.200e-13,  55000.0000,  55000.0000,  ,DEBL    ,  EBL-corrected flux 
 1.451e+25, 6.365e-13, 4.008e-13,  55000.0000,  55000.0000,  ,DEBL    ,  EBL-corrected flux 
 4.850e+09, 4.622e-14, 9.215e-15,  55000.0000,  55000.0000,  ,SPECFINDV3    ,  Stein et al.  2021  A&A  655  A17 
 2.700e+09, 1.755e-14, 3.510e-15,  55000.0000,  55000.0000,  ,SPECFINDV3    ,  Stein et al.  2021  A&A  655  A17 
 3.650e+08, 3.581e-15, 7.300e-16,  55000.0000,  55000.0000,  ,SPECFINDV3    ,  Stein et al.  2021  A&A  655  A17 
 3.250e+08, 4.518e-15, 9.100e-16,  55000.0000,  55000.0000,  ,SPECFINDV3    ,  Stein et al.  2021  A&A  655  A17 
 1.400e+09, 1.110e-14, 2.239e-15,  55000.0000,  55000.0000,  ,SPECFINDV3    ,  Stein et al.  2021  A&A  655  A17 
 4.080e+08, 4.325e-15, 8.570e-16,  55000.0000,  55000.0000,  ,SPECFINDV3    ,  Stein et al.  2021  A&A  655  A17 
 1.500e+08, 1.650e-15, 3.300e-16,  55000.0000,  55000.0000,  ,SPECFINDV3    ,  Stein et al.  2021  A&A  655  A17 
 2.307e+09, 1.857e-14, 3.690e-15,  55000.0000,  55000.0000,  ,SPECFINDV3    ,  Stein et al.  2021  A&A  655  A17 
 2.000e+08, 2.040e-15, 4.000e-16,  55000.0000,  55000.0000,  ,SPECFINDV3    ,  Stein et al.  2021  A&A  655  A17 
 2.200e+10, 1.870e-13, 3.740e-14,  55000.0000,  55000.0000,  ,SPECFINDV3    ,  Stein et al.  2021  A&A  655  A17 
 8.400e+09, 6.560e-14, 1.344e-14,  55000.0000,  55000.0000,  ,SPECFINDV3    ,  Stein et al.  2021  A&A  655  A17 
 8.400e+09, 7.056e-14, 1.428e-14,  55000.0000,  55000.0000,  ,SPECFINDV3    ,  Stein et al.  2021  A&A  655  A17 
 8.400e+07, 1.410e-15, 6.000e-17,  55000.0000,  55000.0000,  ,GLEAMV2    ,  Hurley-Walker N. et al.  2017  MNRAS  464  1146. 
 9.200e+07, 1.378e-15, 5.600e-17,  55000.0000,  55000.0000,  ,GLEAMV2    ,  Hurley-Walker N. et al.  2017  MNRAS  464  1146. 
 9.900e+07, 1.533e-15, 5.550e-17,  55000.0000,  55000.0000,  ,GLEAMV2    ,  Hurley-Walker N. et al.  2017  MNRAS  464  1146. 
 1.070e+08, 1.656e-15, 5.550e-17,  55000.0000,  55000.0000,  ,GLEAMV2    ,  Hurley-Walker N. et al.  2017  MNRAS  464  1146. 
 1.150e+08, 1.620e-15, 5.200e-17,  55000.0000,  55000.0000,  ,GLEAMV2    ,  Hurley-Walker N. et al.  2017  MNRAS  464  1146. 
 1.220e+08, 1.525e-15, 4.600e-17,  55000.0000,  55000.0000,  ,GLEAMV2    ,  Hurley-Walker N. et al.  2017  MNRAS  464  1146. 
 1.300e+08, 1.642e-15, 4.450e-17,  55000.0000,  55000.0000,  ,GLEAMV2    ,  Hurley-Walker N. et al.  2017  MNRAS  464  1146. 
 1.430e+08, 1.689e-15, 3.300e-17,  55000.0000,  55000.0000,  ,GLEAMV2    ,  Hurley-Walker N. et al.  2017  MNRAS  464  1146. 
 1.510e+08, 1.816e-15, 3.100e-17,  55000.0000,  55000.0000,  ,GLEAMV2    ,  Hurley-Walker N. et al.  2017  MNRAS  464  1146. 
 1.580e+08, 1.878e-15, 3.000e-17,  55000.0000,  55000.0000,  ,GLEAMV2    ,  Hurley-Walker N. et al.  2017  MNRAS  464  1146. 
 1.660e+08, 1.920e-15, 3.200e-17,  55000.0000,  55000.0000,  ,GLEAMV2    ,  Hurley-Walker N. et al.  2017  MNRAS  464  1146. 
 1.740e+08, 1.839e-15, 4.750e-17,  55000.0000,  55000.0000,  ,GLEAMV2    ,  Hurley-Walker N. et al.  2017  MNRAS  464  1146. 
 1.810e+08, 1.962e-15, 4.850e-17,  55000.0000,  55000.0000,  ,GLEAMV2    ,  Hurley-Walker N. et al.  2017  MNRAS  464  1146. 
 1.890e+08, 2.007e-15, 4.600e-17,  55000.0000,  55000.0000,  ,GLEAMV2    ,  Hurley-Walker N. et al.  2017  MNRAS  464  1146. 
 1.970e+08, 2.029e-15, 4.250e-17,  55000.0000,  55000.0000,  ,GLEAMV2    ,  Hurley-Walker N. et al.  2017  MNRAS  464  1146. 
 2.040e+08, 2.065e-15, 3.650e-17,  55000.0000,  55000.0000,  ,GLEAMV2    ,  Hurley-Walker N. et al.  2017  MNRAS  464  1146. 
 2.120e+08, 2.147e-15, 3.100e-17,  55000.0000,  55000.0000,  ,GLEAMV2    ,  Hurley-Walker N. et al.  2017  MNRAS  464  1146. 
 2.200e+08, 2.185e-15, 3.350e-17,  55000.0000,  55000.0000,  ,GLEAMV2    ,  Hurley-Walker N. et al.  2017  MNRAS  464  1146. 
 2.270e+08, 2.204e-15, 2.950e-17,  55000.0000,  55000.0000,  ,GLEAMV2    ,  Hurley-Walker N. et al.  2017  MNRAS  464  1146. 
 4.732e+10, 4.935e-13, 6.150e-15,  55000.0000,  55000.0000,  ,PACO    ,  Massardi M. et. al.  2016  MNRAS  455  3249 
 4.732e+10, 5.087e-13, 4.600e-15,  55000.0000,  55000.0000,  ,PACO    ,  Massardi M. et. al.  2016  MNRAS  455  3249 
 4.732e+10, 4.860e-13, 1.485e-14,  55000.0000,  55000.0000,  ,PACO    ,  Massardi M. et. al.  2016  MNRAS  455  3249 
 4.732e+10, 5.025e-13, 6.250e-15,  55000.0000,  55000.0000,  ,PACO    ,  Massardi M. et. al.  2016  MNRAS  455  3249 
 4.732e+10, 5.215e-13, 4.500e-15,  55000.0000,  55000.0000,  ,PACO    ,  Massardi M. et. al.  2016  MNRAS  455  3249 
 5.244e+10, 5.422e-13, 6.750e-15,  55000.0000,  55000.0000,  ,PACO    ,  Massardi M. et. al.  2016  MNRAS  455  3249 
 5.244e+10, 5.627e-13, 5.100e-15,  55000.0000,  55000.0000,  ,PACO    ,  Massardi M. et. al.  2016  MNRAS  455  3249 
 5.244e+10, 5.422e-13, 1.655e-14,  55000.0000,  55000.0000,  ,PACO    ,  Massardi M. et. al.  2016  MNRAS  455  3249 
 5.244e+10, 5.580e-13, 6.950e-15,  55000.0000,  55000.0000,  ,PACO    ,  Massardi M. et. al.  2016  MNRAS  455  3249 
 5.244e+10, 5.679e-13, 4.900e-15,  55000.0000,  55000.0000,  ,PACO    ,  Massardi M. et. al.  2016  MNRAS  455  3249 
 5.756e+10, 5.986e-13, 7.400e-15,  55000.0000,  55000.0000,  ,PACO    ,  Massardi M. et. al.  2016  MNRAS  455  3249 
 5.756e+10, 6.205e-13, 5.600e-15,  55000.0000,  55000.0000,  ,PACO    ,  Massardi M. et. al.  2016  MNRAS  455  3249 
 5.756e+10, 6.061e-13, 1.850e-14,  55000.0000,  55000.0000,  ,PACO    ,  Massardi M. et. al.  2016  MNRAS  455  3249 
 5.756e+10, 6.147e-13, 7.650e-15,  55000.0000,  55000.0000,  ,PACO    ,  Massardi M. et. al.  2016  MNRAS  455  3249 
 5.756e+10, 6.286e-13, 5.450e-15,  55000.0000,  55000.0000,  ,PACO    ,  Massardi M. et. al.  2016  MNRAS  455  3249 
 6.268e+10, 6.588e-13, 8.200e-15,  55000.0000,  55000.0000,  ,PACO    ,  Massardi M. et. al.  2016  MNRAS  455  3249 
 6.268e+10, 6.744e-13, 6.150e-15,  55000.0000,  55000.0000,  ,PACO    ,  Massardi M. et. al.  2016  MNRAS  455  3249 
 6.268e+10, 6.757e-13, 2.070e-14,  55000.0000,  55000.0000,  ,PACO    ,  Massardi M. et. al.  2016  MNRAS  455  3249 
 6.268e+10, 6.694e-13, 8.350e-15,  55000.0000,  55000.0000,  ,PACO    ,  Massardi M. et. al.  2016  MNRAS  455  3249 
 6.268e+10, 6.976e-13, 6.000e-15,  55000.0000,  55000.0000,  ,PACO    ,  Massardi M. et. al.  2016  MNRAS  455  3249 
 8.232e+10, 8.981e-13, 1.120e-14,  55000.0000,  55000.0000,  ,PACO    ,  Massardi M. et. al.  2016  MNRAS  455  3249 
 8.232e+10, 8.866e-13, 8.100e-15,  55000.0000,  55000.0000,  ,PACO    ,  Massardi M. et. al.  2016  MNRAS  455  3249 
 8.232e+10, 9.129e-13, 2.790e-14,  55000.0000,  55000.0000,  ,PACO    ,  Massardi M. et. al.  2016  MNRAS  455  3249 
 8.232e+10, 8.718e-13, 1.085e-14,  55000.0000,  55000.0000,  ,PACO    ,  Massardi M. et. al.  2016  MNRAS  455  3249 
 8.232e+10, 8.948e-13, 7.750e-15,  55000.0000,  55000.0000,  ,PACO    ,  Massardi M. et. al.  2016  MNRAS  455  3249 
 8.744e+10, 9.522e-13, 1.180e-14,  55000.0000,  55000.0000,  ,PACO    ,  Massardi M. et. al.  2016  MNRAS  455  3249 
 8.744e+10, 9.330e-13, 8.500e-15,  55000.0000,  55000.0000,  ,PACO    ,  Massardi M. et. al.  2016  MNRAS  455  3249 
 8.744e+10, 9.662e-13, 2.955e-14,  55000.0000,  55000.0000,  ,PACO    ,  Massardi M. et. al.  2016  MNRAS  455  3249 
 8.744e+10, 9.234e-13, 1.145e-14,  55000.0000,  55000.0000,  ,PACO    ,  Massardi M. et. al.  2016  MNRAS  455  3249 
 8.744e+10, 9.478e-13, 8.150e-15,  55000.0000,  55000.0000,  ,PACO    ,  Massardi M. et. al.  2016  MNRAS  455  3249 
 9.256e+10, 1.014e-12, 1.250e-14,  55000.0000,  55000.0000,  ,PACO    ,  Massardi M. et. al.  2016  MNRAS  455  3249 
 9.256e+10, 9.932e-13, 8.900e-15,  55000.0000,  55000.0000,  ,PACO    ,  Massardi M. et. al.  2016  MNRAS  455  3249 
 9.256e+10, 9.710e-13, 1.215e-14,  55000.0000,  55000.0000,  ,PACO    ,  Massardi M. et. al.  2016  MNRAS  455  3249 
 9.256e+10, 1.001e-12, 8.550e-15,  55000.0000,  55000.0000,  ,PACO    ,  Massardi M. et. al.  2016  MNRAS  455  3249 
 9.768e+10, 1.084e-12, 1.350e-14,  55000.0000,  55000.0000,  ,PACO    ,  Massardi M. et. al.  2016  MNRAS  455  3249 
 9.768e+10, 1.046e-12, 9.500e-15,  55000.0000,  55000.0000,  ,PACO    ,  Massardi M. et. al.  2016  MNRAS  455  3249 
 9.768e+10, 1.082e-12, 3.300e-14,  55000.0000,  55000.0000,  ,PACO    ,  Massardi M. et. al.  2016  MNRAS  455  3249 
 9.768e+10, 1.001e-12, 1.265e-14,  55000.0000,  55000.0000,  ,PACO    ,  Massardi M. et. al.  2016  MNRAS  455  3249 
 9.768e+10, 1.061e-12, 9.000e-15,  55000.0000,  55000.0000,  ,PACO    ,  Massardi M. et. al.  2016  MNRAS  455  3249 
 1.723e+11, 1.640e-12, 2.050e-14,  55000.0000,  55000.0000,  ,PACO    ,  Massardi M. et. al.  2016  MNRAS  455  3249 
 1.723e+11, 1.634e-12, 1.450e-14,  55000.0000,  55000.0000,  ,PACO    ,  Massardi M. et. al.  2016  MNRAS  455  3249 
 1.723e+11, 1.572e-12, 1.350e-14,  55000.0000,  55000.0000,  ,PACO    ,  Massardi M. et. al.  2016  MNRAS  455  3249 
 1.774e+11, 1.686e-12, 2.100e-14,  55000.0000,  55000.0000,  ,PACO    ,  Massardi M. et. al.  2016  MNRAS  455  3249 
 1.774e+11, 1.671e-12, 1.550e-14,  55000.0000,  55000.0000,  ,PACO    ,  Massardi M. et. al.  2016  MNRAS  455  3249 
 1.774e+11, 1.608e-12, 1.350e-14,  55000.0000,  55000.0000,  ,PACO    ,  Massardi M. et. al.  2016  MNRAS  455  3249 
 1.826e+11, 1.734e-12, 2.150e-14,  55000.0000,  55000.0000,  ,PACO    ,  Massardi M. et. al.  2016  MNRAS  455  3249 
 1.826e+11, 1.707e-12, 1.550e-14,  55000.0000,  55000.0000,  ,PACO    ,  Massardi M. et. al.  2016  MNRAS  455  3249 
 1.826e+11, 1.641e-12, 1.400e-14,  55000.0000,  55000.0000,  ,PACO    ,  Massardi M. et. al.  2016  MNRAS  455  3249 
 1.877e+11, 1.794e-12, 2.250e-14,  55000.0000,  55000.0000,  ,PACO    ,  Massardi M. et. al.  2016  MNRAS  455  3249 
 1.877e+11, 1.747e-12, 1.600e-14,  55000.0000,  55000.0000,  ,PACO    ,  Massardi M. et. al.  2016  MNRAS  455  3249 
 1.877e+11, 1.672e-12, 1.450e-14,  55000.0000,  55000.0000,  ,PACO    ,  Massardi M. et. al.  2016  MNRAS  455  3249 
 2.323e+11, 2.065e-12, 1.850e-14,  55000.0000,  55000.0000,  ,PACO    ,  Massardi M. et. al.  2016  MNRAS  455  3249 
 2.323e+11, 1.938e-12, 1.650e-14,  55000.0000,  55000.0000,  ,PACO    ,  Massardi M. et. al.  2016  MNRAS  455  3249 
 3.274e+11, 2.852e-12, 2.600e-14,  55000.0000,  55000.0000,  ,PACO    ,  Massardi M. et. al.  2016  MNRAS  455  3249 
 3.274e+11, 2.698e-12, 2.300e-14,  55000.0000,  55000.0000,  ,PACO    ,  Massardi M. et. al.  2016  MNRAS  455  3249 
 2.426e+11, 2.132e-12, 1.950e-14,  55000.0000,  55000.0000,  ,PACO    ,  Massardi M. et. al.  2016  MNRAS  455  3249 
 2.426e+11, 2.021e-12, 1.750e-14,  55000.0000,  55000.0000,  ,PACO    ,  Massardi M. et. al.  2016  MNRAS  455  3249 
 2.477e+11, 2.175e-12, 2.050e-14,  55000.0000,  55000.0000,  ,PACO    ,  Massardi M. et. al.  2016  MNRAS  455  3249 
 2.477e+11, 2.056e-12, 1.850e-14,  55000.0000,  55000.0000,  ,PACO    ,  Massardi M. et. al.  2016  MNRAS  455  3249 
 3.223e+11, 2.598e-12, 2.500e-14,  55000.0000,  55000.0000,  ,PACO    ,  Massardi M. et. al.  2016  MNRAS  455  3249 
 3.223e+11, 2.637e-12, 8.050e-14,  55000.0000,  55000.0000,  ,PACO    ,  Massardi M. et. al.  2016  MNRAS  455  3249 
 3.223e+11, 2.379e-12, 1.950e-14,  55000.0000,  55000.0000,  ,PACO    ,  Massardi M. et. al.  2016  MNRAS  455  3249 
 3.274e+11, 2.620e-12, 2.550e-14,  55000.0000,  55000.0000,  ,PACO    ,  Massardi M. et. al.  2016  MNRAS  455  3249 
 3.274e+11, 2.665e-12, 8.150e-14,  55000.0000,  55000.0000,  ,PACO    ,  Massardi M. et. al.  2016  MNRAS  455  3249 
 3.274e+11, 2.400e-12, 2.000e-14,  55000.0000,  55000.0000,  ,PACO    ,  Massardi M. et. al.  2016  MNRAS  455  3249 
 3.326e+11, 2.647e-12, 2.550e-14,  55000.0000,  55000.0000,  ,PACO    ,  Massardi M. et. al.  2016  MNRAS  455  3249 
 3.326e+11, 2.697e-12, 8.300e-14,  55000.0000,  55000.0000,  ,PACO    ,  Massardi M. et. al.  2016  MNRAS  455  3249 
 3.326e+11, 2.444e-12, 2.000e-14,  55000.0000,  55000.0000,  ,PACO    ,  Massardi M. et. al.  2016  MNRAS  455  3249 
 3.337e+11, 2.629e-12, 2.550e-14,  55000.0000,  55000.0000,  ,PACO    ,  Massardi M. et. al.  2016  MNRAS  455  3249 
 3.337e+11, 2.703e-12, 8.300e-14,  55000.0000,  55000.0000,  ,PACO    ,  Massardi M. et. al.  2016  MNRAS  455  3249 
 3.337e+11, 2.459e-12, 2.000e-14,  55000.0000,  55000.0000,  ,PACO    ,  Massardi M. et. al.  2016  MNRAS  455  3249 
 3.823e+11, 2.887e-12, 2.850e-14,  55000.0000,  55000.0000,  ,PACO    ,  Massardi M. et. al.  2016  MNRAS  455  3249 
 3.823e+11, 3.127e-12, 9.250e-14,  55000.0000,  55000.0000,  ,PACO    ,  Massardi M. et. al.  2016  MNRAS  455  3249 
 3.823e+11, 2.672e-12, 2.100e-14,  55000.0000,  55000.0000,  ,PACO    ,  Massardi M. et. al.  2016  MNRAS  455  3249 
 3.874e+11, 2.886e-12, 2.900e-14,  55000.0000,  55000.0000,  ,PACO    ,  Massardi M. et. al.  2016  MNRAS  455  3249 
 3.874e+11, 3.154e-12, 9.250e-14,  55000.0000,  55000.0000,  ,PACO    ,  Massardi M. et. al.  2016  MNRAS  455  3249 
 3.874e+11, 2.697e-12, 2.100e-14,  55000.0000,  55000.0000,  ,PACO    ,  Massardi M. et. al.  2016  MNRAS  455  3249 
 3.926e+11, 2.940e-12, 2.950e-14,  55000.0000,  55000.0000,  ,PACO    ,  Massardi M. et. al.  2016  MNRAS  455  3249 
 3.926e+11, 3.184e-12, 9.450e-14,  55000.0000,  55000.0000,  ,PACO    ,  Massardi M. et. al.  2016  MNRAS  455  3249 
 3.926e+11, 2.771e-12, 2.150e-14,  55000.0000,  55000.0000,  ,PACO    ,  Massardi M. et. al.  2016  MNRAS  455  3249 
 3.977e+11, 2.971e-12, 3.150e-14,  55000.0000,  55000.0000,  ,PACO    ,  Massardi M. et. al.  2016  MNRAS  455  3249 
 3.977e+11, 3.221e-12, 9.550e-14,  55000.0000,  55000.0000,  ,PACO    ,  Massardi M. et. al.  2016  MNRAS  455  3249 
 3.977e+11, 2.816e-12, 2.300e-14,  55000.0000,  55000.0000,  ,PACO    ,  Massardi M. et. al.  2016  MNRAS  455  3249 
 5.520e+09, 5.901e-14, 1.460e-15,  55000.0000,  55000.0000,  ,PACOPCCS    ,  Massardi M. et. al.  2016  MNRAS  455  3249 
 9.000e+09, 9.783e-14, 2.670e-15,  55000.0000,  55000.0000,  ,PACOPCCS    ,  Massardi M. et. al.  2016  MNRAS  455  3249 
 1.800e+10, 1.681e-13, 4.400e-15,  55000.0000,  55000.0000,  ,PACOPCCS    ,  Massardi M. et. al.  2016  MNRAS  455  3249 
 2.400e+10, 2.107e-13, 1.160e-14,  55000.0000,  55000.0000,  ,PACOPCCS    ,  Massardi M. et. al.  2016  MNRAS  455  3249 
 3.300e+10, 2.581e-13, 1.415e-14,  55000.0000,  55000.0000,  ,PACOPCCS    ,  Massardi M. et. al.  2016  MNRAS  455  3249 
 3.900e+10, 2.941e-13, 1.475e-14,  55000.0000,  55000.0000,  ,PACOPCCS    ,  Massardi M. et. al.  2016  MNRAS  455  3249 
