freq. ,flux ,err_flux ,MJD_start ,MJD_end ,flag,catalog,reference
 1.400e+09, 1.187e-14, 3.550e-16,  55000.0000,  55000.0000,  ,NVSS    ,  Condon et al. 1998  AJ  115  1693 
 3.000e+09, 5.016e-14, 1.450e-16,  55000.0000,  55000.0000,  ,VLASSQL    ,  Gordon et al. 2021  ApJS  255  30 
 2.418e+17, 1.713e-12, 6.985e-13,  55000.0000,  55000.0000,  ,XMMSL2    ,  Saxton et al. 2008  A&A  480  611 
 7.253e+17, 1.428e-12, 5.046e-13,  55000.0000,  55000.0000,  ,XMMSL2    ,  Saxton et al. 2008  A&A  480  611 
 2.418e+17, 7.193e-13, 4.230e-14,  54319.8008,  57499.1992,  ,1OUSX    ,  Giommi et al. in preparation 
 1.209e+17, 5.960e-13, 5.030e-14,  54319.8008,  57499.1992,  ,1OUSX    ,  Giommi et al. in preparation 
 3.627e+17, 8.426e-13, 3.430e-14,  54319.8008,  57499.1992,  ,1OUSX    ,  Giommi et al. in preparation 
 7.253e+17, 1.100e-12, 3.000e-14,  54319.8008,  57499.1992,  ,1OUSX    ,  Giommi et al. in preparation 
 1.088e+18, 1.342e-12, 5.100e-14,  54319.8008,  57499.1992,  ,1OUSX    ,  Giommi et al. in preparation 
 7.253e+17, 1.155e-12, 3.300e-14,  55000.0000,  55000.0000,  ,2SXPS    ,  Evans et al. 2020  ApJS  247  54 
 1.209e+17, 7.594e-13, 7.010e-14,  55000.0000,  55000.0000,  ,2SXPS    ,  Evans et al. 2020  ApJS  247  54 
 3.627e+17, 9.295e-13, 4.140e-14,  55000.0000,  55000.0000,  ,2SXPS    ,  Evans et al. 2020  ApJS  247  54 
 1.088e+18, 1.451e-12, 5.950e-14,  55000.0000,  55000.0000,  ,2SXPS    ,  Evans et al. 2020  ApJS  247  54 
 1.500e+08, 1.479e-15, 1.480e-16,  55000.0000,  55000.0000,  ,TGSS150    ,  Intema et al. 2017  A&A  598  A781 
 4.800e+09, 1.425e-13, 1.265e-14,  55000.0000,  55000.0000,  ,GB6    ,  Gregory et al. 1996  ApJS  103  427 
 4.850e+09, 1.580e-13, 0.000e+00,  55000.0000,  55000.0000,  ,NORTH20    ,  White and Becker  1992  ApJS  79  331 
 1.400e+09, 2.934e-14, 0.000e+00,  55000.0000,  55000.0000,  ,NORTH20    ,  White and Becker  1992  ApJS  79  331 
 3.650e+08, 3.022e-15, 0.000e+00,  55000.0000,  55000.0000,  ,NORTH20    ,  White and Becker  1992  ApJS  79  331 
 1.019e+11, 2.955e-12, 2.345e-13,  55708.0000,  55708.0000,  ,ALMA    ,  Bonato et al. 2019  MNRAS  485  1188 
 8.988e+10, 2.777e-12, 2.245e-13,  55708.0000,  55708.0000,  ,ALMA    ,  Bonato et al. 2019  MNRAS  485  1188 
 3.000e+10, 9.823e-13, 1.550e-14,  55000.0000,  55000.0000,  ,PCCS2    ,  30 GHz The Planck Collaboration 2018  A&A  619  A94 
 4.400e+10, 1.218e-12, 7.850e-14,  55000.0000,  55000.0000,  ,PCCS2    ,  44 GHz The Planck Collaboration 2018  A&A  619  A94 
 7.000e+10, 2.053e-12, 8.150e-14,  55000.0000,  55000.0000,  ,PCCS2    ,  70 GHz The Planck Collaboration 2018  A&A  619  A94 
 3.000e+10, 6.629e-13, 6.790e-14,  55000.0000,  55000.0000,  ,PCNT    ,  The Planck Collaboration 2018  A&A  619  A94 
 4.400e+10, 1.413e-12, 7.850e-14,  55000.0000,  55000.0000,  ,PCNT    ,  The Planck Collaboration 2018  A&A  619  A94 
 7.000e+10, 2.042e-12, 6.700e-14,  55000.0000,  55000.0000,  ,PCNT    ,  The Planck Collaboration 2018  A&A  619  A94 
 1.000e+11, 2.230e-12, 5.700e-14,  55000.0000,  55000.0000,  ,PCNT    ,  The Planck Collaboration 2018  A&A  619  A94 
 1.430e+11, 2.655e-12, 8.400e-14,  55000.0000,  55000.0000,  ,PCNT    ,  The Planck Collaboration 2018  A&A  619  A94 
 2.170e+11, 4.024e-12, 3.110e-13,  55000.0000,  55000.0000,  ,PCNT    ,  The Planck Collaboration 2018  A&A  619  A94 
 3.530e+11, 5.409e-12, 1.102e-12,  55000.0000,  55000.0000,  ,PCNT    ,  The Planck Collaboration 2018  A&A  619  A94 
 5.450e+11, 1.542e-11, 0.000e+00,  55000.0000,  55000.0000,UL,PCNT     ,  The Planck Collaboration 2018  A&A  619  A94 
 8.570e+11, 6.882e-11, 0.000e+00,  55000.0000,  55000.0000,UL,PCNT     ,  The Planck Collaboration 2018  A&A  619  A94 
 2.500e+13, 7.927e-11, 0.000e+00,  55000.0000,  55000.0000,UL,IRAS-PSC     ,  IPAC  1986  VizieR  II  125 
 1.200e+13, 3.223e-11, 0.000e+00,  55000.0000,  55000.0000,UL,IRAS-PSC     ,  IPAC  1986  VizieR  II  125 
 5.000e+12, 2.792e-11, 2.790e-12,  55000.0000,  55000.0000,  ,IRAS-PSC    ,  IPAC  1986  VizieR  II  125 
 3.000e+12, 3.333e-10, 0.000e+00,  55000.0000,  55000.0000,UL,IRAS-PSC     ,  IPAC  1986  VizieR  II  125 
 8.817e+13, 8.250e-12, 8.000e-15,  55000.0000,  55000.0000,  ,UNWISE    ,  Schlafly et al. 2019  ApJS  240  30 
 6.517e+13, 8.933e-12, 1.050e-14,  55000.0000,  55000.0000,  ,UNWISE    ,  Schlafly et al. 2019  ApJS  240  30 
 8.817e+13, 4.204e-12, 8.900e-14,  55000.0000,  55000.0000,  ,WISE    ,  Wright et al. 2010  AJ  140  1868 
 6.517e+13, 4.811e-12, 9.300e-14,  55000.0000,  55000.0000,  ,WISE    ,  Wright et al. 2010  AJ  140  1868 
 2.498e+13, 3.531e-12, 7.150e-14,  55000.0000,  55000.0000,  ,WISE    ,  Wright et al. 2010  AJ  140  1868 
 1.363e+13, 5.039e-12, 1.765e-13,  55000.0000,  55000.0000,  ,WISE    ,  Wright et al. 2010  AJ  140  1868 
 8.817e+13, 1.377e-12, 4.450e-14,  56686.9414,  56686.9414,  ,NEOWISE    ,  Mainzer et al. 2014  ApJ  792  30 
 6.517e+13, 1.538e-12, 8.650e-14,  56686.9414,  56686.9414,  ,NEOWISE    ,  Mainzer et al. 2014  ApJ  792  30 
 8.817e+13, 1.374e-12, 4.050e-14,  56687.5352,  56687.5352,  ,NEOWISE    ,  Mainzer et al. 2014  ApJ  792  30 
 6.517e+13, 1.612e-12, 5.650e-14,  56687.5352,  56687.5352,  ,NEOWISE    ,  Mainzer et al. 2014  ApJ  792  30 
 8.817e+13, 1.512e-12, 4.500e-14,  56686.8125,  56686.8125,  ,NEOWISE    ,  Mainzer et al. 2014  ApJ  792  30 
 6.517e+13, 1.729e-12, 5.600e-14,  56686.8125,  56686.8125,  ,NEOWISE    ,  Mainzer et al. 2014  ApJ  792  30 
 8.817e+13, 1.252e-12, 4.050e-14,  56687.0078,  56687.0078,  ,NEOWISE    ,  Mainzer et al. 2014  ApJ  792  30 
 6.517e+13, 1.609e-12, 6.050e-14,  56687.0078,  56687.0078,  ,NEOWISE    ,  Mainzer et al. 2014  ApJ  792  30 
 8.817e+13, 1.367e-12, 4.250e-14,  56686.7461,  56686.7461,  ,NEOWISE    ,  Mainzer et al. 2014  ApJ  792  30 
 6.517e+13, 1.630e-12, 5.700e-14,  56686.7461,  56686.7461,  ,NEOWISE    ,  Mainzer et al. 2014  ApJ  792  30 
 8.817e+13, 1.427e-12, 4.900e-14,  56686.6797,  56686.6797,  ,NEOWISE    ,  Mainzer et al. 2014  ApJ  792  30 
 6.517e+13, 1.656e-12, 6.250e-14,  56686.6797,  56686.6797,  ,NEOWISE    ,  Mainzer et al. 2014  ApJ  792  30 
 8.817e+13, 1.389e-12, 4.350e-14,  56686.2852,  56686.2852,  ,NEOWISE    ,  Mainzer et al. 2014  ApJ  792  30 
 6.517e+13, 1.740e-12, 7.500e-14,  56686.2852,  56686.2852,  ,NEOWISE    ,  Mainzer et al. 2014  ApJ  792  30 
 8.817e+13, 1.357e-12, 4.100e-14,  56687.4023,  56687.4023,  ,NEOWISE    ,  Mainzer et al. 2014  ApJ  792  30 
 6.517e+13, 1.520e-12, 6.300e-14,  56687.4023,  56687.4023,  ,NEOWISE    ,  Mainzer et al. 2014  ApJ  792  30 
 8.817e+13, 1.408e-12, 4.150e-14,  56687.0742,  56687.0742,  ,NEOWISE    ,  Mainzer et al. 2014  ApJ  792  30 
 6.517e+13, 1.736e-12, 5.750e-14,  56687.0742,  56687.0742,  ,NEOWISE    ,  Mainzer et al. 2014  ApJ  792  30 
 8.817e+13, 1.411e-12, 4.550e-14,  56686.8750,  56686.8750,  ,NEOWISE    ,  Mainzer et al. 2014  ApJ  792  30 
 6.517e+13, 1.715e-12, 5.500e-14,  56686.8750,  56686.8750,  ,NEOWISE    ,  Mainzer et al. 2014  ApJ  792  30 
 8.817e+13, 1.415e-12, 4.200e-14,  56687.2734,  56687.2734,  ,NEOWISE    ,  Mainzer et al. 2014  ApJ  792  30 
 6.517e+13, 1.668e-12, 6.000e-14,  56687.2734,  56687.2734,  ,NEOWISE    ,  Mainzer et al. 2014  ApJ  792  30 
 8.817e+13, 1.397e-12, 4.250e-14,  56686.5469,  56686.5469,  ,NEOWISE    ,  Mainzer et al. 2014  ApJ  792  30 
 6.517e+13, 1.657e-12, 6.250e-14,  56686.5469,  56686.5469,  ,NEOWISE    ,  Mainzer et al. 2014  ApJ  792  30 
 8.817e+13, 7.380e-12, 1.290e-13,  57050.0703,  57050.0703,  ,NEOWISE    ,  Mainzer et al. 2014  ApJ  792  30 
 6.517e+13, 8.171e-12, 1.580e-13,  57050.0703,  57050.0703,  ,NEOWISE    ,  Mainzer et al. 2014  ApJ  792  30 
 8.817e+13, 6.565e-12, 1.210e-13,  57050.3984,  57050.3984,  ,NEOWISE    ,  Mainzer et al. 2014  ApJ  792  30 
 6.517e+13, 7.846e-12, 1.230e-13,  57050.3984,  57050.3984,  ,NEOWISE    ,  Mainzer et al. 2014  ApJ  792  30 
 8.817e+13, 7.015e-12, 1.165e-13,  57050.0039,  57050.0039,  ,NEOWISE    ,  Mainzer et al. 2014  ApJ  792  30 
 6.517e+13, 8.148e-12, 1.350e-13,  57050.0039,  57050.0039,  ,NEOWISE    ,  Mainzer et al. 2014  ApJ  792  30 
 8.817e+13, 6.602e-12, 1.035e-13,  57050.6602,  57050.6602,  ,NEOWISE    ,  Mainzer et al. 2014  ApJ  792  30 
 6.517e+13, 7.760e-12, 1.290e-13,  57050.6602,  57050.6602,  ,NEOWISE    ,  Mainzer et al. 2014  ApJ  792  30 
 8.817e+13, 6.812e-12, 1.190e-13,  57050.1367,  57050.1367,  ,NEOWISE    ,  Mainzer et al. 2014  ApJ  792  30 
 6.517e+13, 8.036e-12, 1.480e-13,  57050.1367,  57050.1367,  ,NEOWISE    ,  Mainzer et al. 2014  ApJ  792  30 
 8.817e+13, 6.919e-12, 1.335e-13,  57050.3320,  57050.3320,  ,NEOWISE    ,  Mainzer et al. 2014  ApJ  792  30 
 6.517e+13, 7.941e-12, 1.245e-13,  57050.3320,  57050.3320,  ,NEOWISE    ,  Mainzer et al. 2014  ApJ  792  30 
 8.817e+13, 6.906e-12, 1.275e-13,  57050.2656,  57050.2656,  ,NEOWISE    ,  Mainzer et al. 2014  ApJ  792  30 
 6.517e+13, 8.208e-12, 1.435e-13,  57050.2656,  57050.2656,  ,NEOWISE    ,  Mainzer et al. 2014  ApJ  792  30 
 8.817e+13, 6.434e-12, 1.065e-13,  57050.7930,  57050.7930,  ,NEOWISE    ,  Mainzer et al. 2014  ApJ  792  30 
 6.517e+13, 7.618e-12, 1.265e-13,  57050.7930,  57050.7930,  ,NEOWISE    ,  Mainzer et al. 2014  ApJ  792  30 
 8.817e+13, 6.553e-12, 1.090e-13,  57050.5312,  57050.5312,  ,NEOWISE    ,  Mainzer et al. 2014  ApJ  792  30 
 6.517e+13, 7.611e-12, 1.260e-13,  57050.5312,  57050.5312,  ,NEOWISE    ,  Mainzer et al. 2014  ApJ  792  30 
 8.817e+13, 4.614e-12, 1.060e-13,  56877.4375,  56877.4375,  ,NEOWISE    ,  Mainzer et al. 2014  ApJ  792  30 
 6.517e+13, 5.892e-12, 1.140e-13,  56877.4375,  56877.4375,  ,NEOWISE    ,  Mainzer et al. 2014  ApJ  792  30 
 8.817e+13, 1.660e-11, 2.750e-13,  57969.1133,  57969.1133,  ,NEOWISE    ,  Mainzer et al. 2014  ApJ  792  30 
 6.517e+13, 1.912e-11, 2.600e-13,  57969.1133,  57969.1133,  ,NEOWISE    ,  Mainzer et al. 2014  ApJ  792  30 
 8.817e+13, 1.886e-11, 3.500e-13,  57969.5078,  57969.5078,  ,NEOWISE    ,  Mainzer et al. 2014  ApJ  792  30 
 6.517e+13, 2.096e-11, 2.850e-13,  57969.5078,  57969.5078,  ,NEOWISE    ,  Mainzer et al. 2014  ApJ  792  30 
 8.817e+13, 1.955e-11, 3.250e-13,  57970.3594,  57970.3594,  ,NEOWISE    ,  Mainzer et al. 2014  ApJ  792  30 
 6.517e+13, 2.175e-11, 2.800e-13,  57970.3594,  57970.3594,  ,NEOWISE    ,  Mainzer et al. 2014  ApJ  792  30 
 8.817e+13, 1.913e-11, 3.350e-13,  57970.0312,  57970.0312,  ,NEOWISE    ,  Mainzer et al. 2014  ApJ  792  30 
 6.517e+13, 2.151e-11, 3.350e-13,  57970.0312,  57970.0312,  ,NEOWISE    ,  Mainzer et al. 2014  ApJ  792  30 
 8.817e+13, 1.730e-11, 2.400e-13,  57969.2461,  57969.2461,  ,NEOWISE    ,  Mainzer et al. 2014  ApJ  792  30 
 6.517e+13, 1.926e-11, 2.500e-13,  57969.2461,  57969.2461,  ,NEOWISE    ,  Mainzer et al. 2014  ApJ  792  30 
 8.817e+13, 1.854e-11, 3.100e-13,  57969.5742,  57969.5742,  ,NEOWISE    ,  Mainzer et al. 2014  ApJ  792  30 
 6.517e+13, 2.094e-11, 2.700e-13,  57969.5742,  57969.5742,  ,NEOWISE    ,  Mainzer et al. 2014  ApJ  792  30 
 8.817e+13, 2.018e-11, 3.500e-13,  57969.8984,  57969.8984,  ,NEOWISE    ,  Mainzer et al. 2014  ApJ  792  30 
 6.517e+13, 2.108e-11, 2.700e-13,  57969.8984,  57969.8984,  ,NEOWISE    ,  Mainzer et al. 2014  ApJ  792  30 
 8.817e+13, 1.765e-11, 2.450e-13,  57969.3750,  57969.3750,  ,NEOWISE    ,  Mainzer et al. 2014  ApJ  792  30 
 6.517e+13, 1.940e-11, 2.650e-13,  57969.3750,  57969.3750,  ,NEOWISE    ,  Mainzer et al. 2014  ApJ  792  30 
 8.817e+13, 1.807e-11, 2.800e-13,  57969.5078,  57969.5078,  ,NEOWISE    ,  Mainzer et al. 2014  ApJ  792  30 
 6.517e+13, 1.987e-11, 2.550e-13,  57969.5078,  57969.5078,  ,NEOWISE    ,  Mainzer et al. 2014  ApJ  792  30 
 8.817e+13, 1.812e-11, 3.000e-13,  57969.6367,  57969.6367,  ,NEOWISE    ,  Mainzer et al. 2014  ApJ  792  30 
 6.517e+13, 2.094e-11, 2.850e-13,  57969.6367,  57969.6367,  ,NEOWISE    ,  Mainzer et al. 2014  ApJ  792  30 
 8.817e+13, 1.885e-11, 2.600e-13,  57969.7031,  57969.7031,  ,NEOWISE    ,  Mainzer et al. 2014  ApJ  792  30 
 6.517e+13, 2.060e-11, 3.050e-13,  57969.7031,  57969.7031,  ,NEOWISE    ,  Mainzer et al. 2014  ApJ  792  30 
 8.817e+13, 1.838e-11, 2.850e-13,  57969.7695,  57969.7695,  ,NEOWISE    ,  Mainzer et al. 2014  ApJ  792  30 
 6.517e+13, 2.094e-11, 3.450e-13,  57969.7695,  57969.7695,  ,NEOWISE    ,  Mainzer et al. 2014  ApJ  792  30 
 8.817e+13, 1.899e-11, 2.600e-13,  57969.8359,  57969.8359,  ,NEOWISE    ,  Mainzer et al. 2014  ApJ  792  30 
 6.517e+13, 2.135e-11, 2.550e-13,  57969.8359,  57969.8359,  ,NEOWISE    ,  Mainzer et al. 2014  ApJ  792  30 
 8.817e+13, 1.911e-11, 3.350e-13,  57969.9648,  57969.9648,  ,NEOWISE    ,  Mainzer et al. 2014  ApJ  792  30 
 6.517e+13, 2.137e-11, 3.150e-13,  57969.9648,  57969.9648,  ,NEOWISE    ,  Mainzer et al. 2014  ApJ  792  30 
 8.817e+13, 1.952e-11, 3.050e-13,  57969.9648,  57969.9648,  ,NEOWISE    ,  Mainzer et al. 2014  ApJ  792  30 
 6.517e+13, 2.110e-11, 2.900e-13,  57969.9648,  57969.9648,  ,NEOWISE    ,  Mainzer et al. 2014  ApJ  792  30 
 8.817e+13, 1.837e-11, 3.000e-13,  57970.0977,  57970.0977,  ,NEOWISE    ,  Mainzer et al. 2014  ApJ  792  30 
 6.517e+13, 2.155e-11, 3.000e-13,  57970.0977,  57970.0977,  ,NEOWISE    ,  Mainzer et al. 2014  ApJ  792  30 
 8.817e+13, 1.947e-11, 2.850e-13,  57970.2266,  57970.2266,  ,NEOWISE    ,  Mainzer et al. 2014  ApJ  792  30 
 6.517e+13, 2.163e-11, 3.200e-13,  57970.2266,  57970.2266,  ,NEOWISE    ,  Mainzer et al. 2014  ApJ  792  30 
 8.817e+13, 7.981e-12, 1.470e-13,  58701.1211,  58701.1211,  ,NEOWISE    ,  Mainzer et al. 2014  ApJ  792  30 
 6.517e+13, 8.007e-12, 1.475e-13,  58701.1211,  58701.1211,  ,NEOWISE    ,  Mainzer et al. 2014  ApJ  792  30 
 8.817e+13, 8.671e-12, 1.600e-13,  58701.7109,  58701.7109,  ,NEOWISE    ,  Mainzer et al. 2014  ApJ  792  30 
 6.517e+13, 8.869e-12, 1.470e-13,  58701.7109,  58701.7109,  ,NEOWISE    ,  Mainzer et al. 2014  ApJ  792  30 
 8.817e+13, 7.714e-12, 1.275e-13,  58700.7930,  58700.7930,  ,NEOWISE    ,  Mainzer et al. 2014  ApJ  792  30 
 6.517e+13, 7.955e-12, 1.395e-13,  58700.7930,  58700.7930,  ,NEOWISE    ,  Mainzer et al. 2014  ApJ  792  30 
 8.817e+13, 3.446e-12, 1.020e-13,  58334.2734,  58334.2734,  ,NEOWISE    ,  Mainzer et al. 2014  ApJ  792  30 
 6.517e+13, 4.328e-12, 8.350e-14,  58334.2734,  58334.2734,  ,NEOWISE    ,  Mainzer et al. 2014  ApJ  792  30 
 8.817e+13, 4.097e-12, 1.020e-13,  58333.6836,  58333.6836,  ,NEOWISE    ,  Mainzer et al. 2014  ApJ  792  30 
 6.517e+13, 4.745e-12, 1.135e-13,  58333.6836,  58333.6836,  ,NEOWISE    ,  Mainzer et al. 2014  ApJ  792  30 
 8.817e+13, 3.859e-12, 8.550e-14,  58334.4062,  58334.4062,  ,NEOWISE    ,  Mainzer et al. 2014  ApJ  792  30 
 6.517e+13, 4.360e-12, 9.250e-14,  58334.4062,  58334.4062,  ,NEOWISE    ,  Mainzer et al. 2014  ApJ  792  30 
 8.817e+13, 3.985e-12, 9.550e-14,  58334.2070,  58334.2070,  ,NEOWISE    ,  Mainzer et al. 2014  ApJ  792  30 
 6.517e+13, 4.590e-12, 1.055e-13,  58334.2070,  58334.2070,  ,NEOWISE    ,  Mainzer et al. 2014  ApJ  792  30 
 8.817e+13, 4.362e-12, 8.450e-14,  58333.4219,  58333.4219,  ,NEOWISE    ,  Mainzer et al. 2014  ApJ  792  30 
 6.517e+13, 4.892e-12, 9.050e-14,  58333.4219,  58333.4219,  ,NEOWISE    ,  Mainzer et al. 2014  ApJ  792  30 
 8.817e+13, 4.262e-12, 1.060e-13,  58333.6836,  58333.6836,  ,NEOWISE    ,  Mainzer et al. 2014  ApJ  792  30 
 6.517e+13, 5.043e-12, 1.070e-13,  58333.6836,  58333.6836,  ,NEOWISE    ,  Mainzer et al. 2014  ApJ  792  30 
 8.817e+13, 4.146e-12, 7.600e-14,  58333.8828,  58333.8828,  ,NEOWISE    ,  Mainzer et al. 2014  ApJ  792  30 
 6.517e+13, 4.494e-12, 9.950e-14,  58333.8828,  58333.8828,  ,NEOWISE    ,  Mainzer et al. 2014  ApJ  792  30 
 8.817e+13, 4.150e-12, 1.035e-13,  58333.9453,  58333.9453,  ,NEOWISE    ,  Mainzer et al. 2014  ApJ  792  30 
 6.517e+13, 4.474e-12, 1.360e-13,  58333.9453,  58333.9453,  ,NEOWISE    ,  Mainzer et al. 2014  ApJ  792  30 
 8.817e+13, 4.177e-12, 8.050e-14,  58333.5547,  58333.5547,  ,NEOWISE    ,  Mainzer et al. 2014  ApJ  792  30 
 6.517e+13, 5.019e-12, 1.110e-13,  58333.5547,  58333.5547,  ,NEOWISE    ,  Mainzer et al. 2014  ApJ  792  30 
 8.817e+13, 4.108e-12, 7.900e-14,  58333.7500,  58333.7500,  ,NEOWISE    ,  Mainzer et al. 2014  ApJ  792  30 
 6.517e+13, 4.789e-12, 9.700e-14,  58333.7500,  58333.7500,  ,NEOWISE    ,  Mainzer et al. 2014  ApJ  792  30 
 8.817e+13, 4.212e-12, 1.090e-13,  58333.8164,  58333.8164,  ,NEOWISE    ,  Mainzer et al. 2014  ApJ  792  30 
 6.517e+13, 4.612e-12, 9.350e-14,  58333.8164,  58333.8164,  ,NEOWISE    ,  Mainzer et al. 2014  ApJ  792  30 
 8.817e+13, 4.154e-12, 7.650e-14,  58334.0117,  58334.0117,  ,NEOWISE    ,  Mainzer et al. 2014  ApJ  792  30 
 6.517e+13, 4.667e-12, 9.450e-14,  58334.0117,  58334.0117,  ,NEOWISE    ,  Mainzer et al. 2014  ApJ  792  30 
 8.817e+13, 3.982e-12, 8.800e-14,  58334.0781,  58334.0781,  ,NEOWISE    ,  Mainzer et al. 2014  ApJ  792  30 
 6.517e+13, 4.490e-12, 1.035e-13,  58334.0781,  58334.0781,  ,NEOWISE    ,  Mainzer et al. 2014  ApJ  792  30 
 8.817e+13, 4.022e-12, 8.500e-14,  58334.1445,  58334.1445,  ,NEOWISE    ,  Mainzer et al. 2014  ApJ  792  30 
 6.517e+13, 4.412e-12, 1.095e-13,  58334.1445,  58334.1445,  ,NEOWISE    ,  Mainzer et al. 2014  ApJ  792  30 
 8.817e+13, 3.792e-12, 9.800e-14,  58334.3398,  58334.3398,  ,NEOWISE    ,  Mainzer et al. 2014  ApJ  792  30 
 6.517e+13, 4.494e-12, 9.100e-14,  58334.3398,  58334.3398,  ,NEOWISE    ,  Mainzer et al. 2014  ApJ  792  30 
 8.817e+13, 1.633e-11, 3.150e-13,  58860.9102,  58860.9102,  ,NEOWISE    ,  Mainzer et al. 2014  ApJ  792  30 
 6.517e+13, 1.570e-11, 2.300e-13,  58860.9102,  58860.9102,  ,NEOWISE    ,  Mainzer et al. 2014  ApJ  792  30 
 8.817e+13, 1.201e-11, 2.550e-13,  58860.7148,  58860.7148,  ,NEOWISE    ,  Mainzer et al. 2014  ApJ  792  30 
 8.817e+13, 1.822e-11, 3.350e-13,  58860.1250,  58860.1250,  ,NEOWISE    ,  Mainzer et al. 2014  ApJ  792  30 
 6.517e+13, 1.900e-11, 3.000e-13,  58860.1250,  58860.1250,  ,NEOWISE    ,  Mainzer et al. 2014  ApJ  792  30 
 8.817e+13, 1.713e-11, 2.500e-13,  58860.2578,  58860.2578,  ,NEOWISE    ,  Mainzer et al. 2014  ApJ  792  30 
 6.517e+13, 1.949e-11, 2.850e-13,  58860.2578,  58860.2578,  ,NEOWISE    ,  Mainzer et al. 2014  ApJ  792  30 
 8.817e+13, 1.622e-11, 2.850e-13,  58860.3867,  58860.3867,  ,NEOWISE    ,  Mainzer et al. 2014  ApJ  792  30 
 6.517e+13, 1.841e-11, 2.550e-13,  58860.3867,  58860.3867,  ,NEOWISE    ,  Mainzer et al. 2014  ApJ  792  30 
 8.817e+13, 1.691e-11, 2.650e-13,  58860.4531,  58860.4531,  ,NEOWISE    ,  Mainzer et al. 2014  ApJ  792  30 
 6.517e+13, 1.811e-11, 2.300e-13,  58860.4531,  58860.4531,  ,NEOWISE    ,  Mainzer et al. 2014  ApJ  792  30 
 8.817e+13, 6.553e-12, 1.265e-13,  57050.3984,  57050.3984,  ,NEOWISE    ,  Mainzer et al. 2014  ApJ  792  30 
 6.517e+13, 7.948e-12, 1.390e-13,  57050.3984,  57050.3984,  ,NEOWISE    ,  Mainzer et al. 2014  ApJ  792  30 
 8.817e+13, 6.843e-12, 1.135e-13,  57050.1992,  57050.1992,  ,NEOWISE    ,  Mainzer et al. 2014  ApJ  792  30 
 6.517e+13, 8.548e-12, 1.420e-13,  57050.1992,  57050.1992,  ,NEOWISE    ,  Mainzer et al. 2014  ApJ  792  30 
 8.817e+13, 2.388e-11, 3.950e-13,  59224.7031,  59224.7031,  ,NEOWISE    ,  Mainzer et al. 2014  ApJ  792  30 
 6.517e+13, 2.625e-11, 3.600e-13,  59224.7031,  59224.7031,  ,NEOWISE    ,  Mainzer et al. 2014  ApJ  792  30 
 8.817e+13, 2.302e-11, 3.600e-13,  59224.2461,  59224.2461,  ,NEOWISE    ,  Mainzer et al. 2014  ApJ  792  30 
 6.517e+13, 2.518e-11, 3.500e-13,  59224.2461,  59224.2461,  ,NEOWISE    ,  Mainzer et al. 2014  ApJ  792  30 
 8.817e+13, 2.325e-11, 3.250e-13,  59224.8984,  59224.8984,  ,NEOWISE    ,  Mainzer et al. 2014  ApJ  792  30 
 6.517e+13, 2.634e-11, 3.650e-13,  59224.8984,  59224.8984,  ,NEOWISE    ,  Mainzer et al. 2014  ApJ  792  30 
 8.817e+13, 1.997e-11, 4.250e-13,  59224.5078,  59224.5078,  ,NEOWISE    ,  Mainzer et al. 2014  ApJ  792  30 
 6.517e+13, 2.271e-11, 3.550e-13,  59224.5078,  59224.5078,  ,NEOWISE    ,  Mainzer et al. 2014  ApJ  792  30 
 8.817e+13, 2.306e-11, 3.400e-13,  59224.6367,  59224.6367,  ,NEOWISE    ,  Mainzer et al. 2014  ApJ  792  30 
 6.517e+13, 2.584e-11, 4.050e-13,  59224.6367,  59224.6367,  ,NEOWISE    ,  Mainzer et al. 2014  ApJ  792  30 
 8.817e+13, 2.393e-11, 3.750e-13,  59224.9648,  59224.9648,  ,NEOWISE    ,  Mainzer et al. 2014  ApJ  792  30 
 6.517e+13, 2.560e-11, 3.750e-13,  59224.9648,  59224.9648,  ,NEOWISE    ,  Mainzer et al. 2014  ApJ  792  30 
 8.817e+13, 2.334e-11, 3.400e-13,  59225.0312,  59225.0312,  ,NEOWISE    ,  Mainzer et al. 2014  ApJ  792  30 
 6.517e+13, 2.589e-11, 3.100e-13,  59225.0312,  59225.0312,  ,NEOWISE    ,  Mainzer et al. 2014  ApJ  792  30 
 8.817e+13, 2.340e-11, 3.250e-13,  59225.3594,  59225.3594,  ,NEOWISE    ,  Mainzer et al. 2014  ApJ  792  30 
 6.517e+13, 2.555e-11, 3.550e-13,  59225.3594,  59225.3594,  ,NEOWISE    ,  Mainzer et al. 2014  ApJ  792  30 
 8.817e+13, 2.325e-11, 3.450e-13,  59224.3750,  59224.3750,  ,NEOWISE    ,  Mainzer et al. 2014  ApJ  792  30 
 6.517e+13, 2.562e-11, 3.050e-13,  59224.3750,  59224.3750,  ,NEOWISE    ,  Mainzer et al. 2014  ApJ  792  30 
 8.817e+13, 2.332e-11, 3.450e-13,  59224.7695,  59224.7695,  ,NEOWISE    ,  Mainzer et al. 2014  ApJ  792  30 
 6.517e+13, 2.518e-11, 3.250e-13,  59224.7695,  59224.7695,  ,NEOWISE    ,  Mainzer et al. 2014  ApJ  792  30 
 8.817e+13, 2.268e-11, 3.550e-13,  59224.8359,  59224.8359,  ,NEOWISE    ,  Mainzer et al. 2014  ApJ  792  30 
 6.517e+13, 2.581e-11, 3.350e-13,  59224.8359,  59224.8359,  ,NEOWISE    ,  Mainzer et al. 2014  ApJ  792  30 
 8.817e+13, 2.360e-11, 3.300e-13,  59225.2266,  59225.2266,  ,NEOWISE    ,  Mainzer et al. 2014  ApJ  792  30 
 6.517e+13, 2.617e-11, 3.650e-13,  59225.2266,  59225.2266,  ,NEOWISE    ,  Mainzer et al. 2014  ApJ  792  30 
 8.817e+13, 1.275e-11, 1.850e-13,  57238.0117,  57238.0117,  ,NEOWISE    ,  Mainzer et al. 2014  ApJ  792  30 
 6.517e+13, 1.900e-11, 2.650e-13,  57238.0117,  57238.0117,  ,NEOWISE    ,  Mainzer et al. 2014  ApJ  792  30 
 8.817e+13, 1.393e-11, 2.150e-13,  57238.5391,  57238.5391,  ,NEOWISE    ,  Mainzer et al. 2014  ApJ  792  30 
 6.517e+13, 1.523e-11, 2.200e-13,  57238.5391,  57238.5391,  ,NEOWISE    ,  Mainzer et al. 2014  ApJ  792  30 
 8.817e+13, 1.350e-11, 1.950e-13,  57238.4727,  57238.4727,  ,NEOWISE    ,  Mainzer et al. 2014  ApJ  792  30 
 6.517e+13, 1.524e-11, 1.950e-13,  57238.4727,  57238.4727,  ,NEOWISE    ,  Mainzer et al. 2014  ApJ  792  30 
 8.817e+13, 1.345e-11, 1.950e-13,  57238.3398,  57238.3398,  ,NEOWISE    ,  Mainzer et al. 2014  ApJ  792  30 
 6.517e+13, 1.509e-11, 1.900e-13,  57238.3398,  57238.3398,  ,NEOWISE    ,  Mainzer et al. 2014  ApJ  792  30 
 8.817e+13, 1.267e-11, 2.450e-13,  57237.8828,  57237.8828,  ,NEOWISE    ,  Mainzer et al. 2014  ApJ  792  30 
 6.517e+13, 1.412e-11, 2.100e-13,  57237.8828,  57237.8828,  ,NEOWISE    ,  Mainzer et al. 2014  ApJ  792  30 
 8.817e+13, 1.348e-11, 2.000e-13,  57238.7344,  57238.7344,  ,NEOWISE    ,  Mainzer et al. 2014  ApJ  792  30 
 6.517e+13, 1.491e-11, 2.600e-13,  57238.7344,  57238.7344,  ,NEOWISE    ,  Mainzer et al. 2014  ApJ  792  30 
 8.817e+13, 1.398e-11, 2.200e-13,  57238.6016,  57238.6016,  ,NEOWISE    ,  Mainzer et al. 2014  ApJ  792  30 
 6.517e+13, 1.527e-11, 2.100e-13,  57238.6016,  57238.6016,  ,NEOWISE    ,  Mainzer et al. 2014  ApJ  792  30 
 8.817e+13, 1.275e-11, 2.150e-13,  57237.8828,  57237.8828,  ,NEOWISE    ,  Mainzer et al. 2014  ApJ  792  30 
 6.517e+13, 1.437e-11, 2.000e-13,  57237.8828,  57237.8828,  ,NEOWISE    ,  Mainzer et al. 2014  ApJ  792  30 
 8.817e+13, 1.298e-11, 2.150e-13,  57238.8008,  57238.8008,  ,NEOWISE    ,  Mainzer et al. 2014  ApJ  792  30 
 6.517e+13, 1.461e-11, 2.300e-13,  57238.8008,  57238.8008,  ,NEOWISE    ,  Mainzer et al. 2014  ApJ  792  30 
 8.817e+13, 1.328e-11, 2.200e-13,  57239.1289,  57239.1289,  ,NEOWISE    ,  Mainzer et al. 2014  ApJ  792  30 
 6.517e+13, 1.480e-11, 2.200e-13,  57239.1289,  57239.1289,  ,NEOWISE    ,  Mainzer et al. 2014  ApJ  792  30 
 8.817e+13, 1.367e-11, 2.400e-13,  57238.6680,  57238.6680,  ,NEOWISE    ,  Mainzer et al. 2014  ApJ  792  30 
 6.517e+13, 1.476e-11, 2.450e-13,  57238.6680,  57238.6680,  ,NEOWISE    ,  Mainzer et al. 2014  ApJ  792  30 
 8.817e+13, 1.317e-11, 1.950e-13,  57238.1445,  57238.1445,  ,NEOWISE    ,  Mainzer et al. 2014  ApJ  792  30 
 6.517e+13, 1.468e-11, 2.000e-13,  57238.1445,  57238.1445,  ,NEOWISE    ,  Mainzer et al. 2014  ApJ  792  30 
 8.817e+13, 1.370e-11, 2.150e-13,  57238.2734,  57238.2734,  ,NEOWISE    ,  Mainzer et al. 2014  ApJ  792  30 
 6.517e+13, 1.502e-11, 2.600e-13,  57238.2734,  57238.2734,  ,NEOWISE    ,  Mainzer et al. 2014  ApJ  792  30 
 8.817e+13, 1.320e-11, 2.300e-13,  57238.9961,  57238.9961,  ,NEOWISE    ,  Mainzer et al. 2014  ApJ  792  30 
 6.517e+13, 1.412e-11, 1.950e-13,  57238.9961,  57238.9961,  ,NEOWISE    ,  Mainzer et al. 2014  ApJ  792  30 
 8.817e+13, 1.334e-11, 2.250e-13,  57238.8672,  57238.8672,  ,NEOWISE    ,  Mainzer et al. 2014  ApJ  792  30 
 6.517e+13, 1.498e-11, 1.900e-13,  57238.8672,  57238.8672,  ,NEOWISE    ,  Mainzer et al. 2014  ApJ  792  30 
 8.817e+13, 1.337e-11, 2.200e-13,  57238.4062,  57238.4062,  ,NEOWISE    ,  Mainzer et al. 2014  ApJ  792  30 
 6.517e+13, 1.520e-11, 2.250e-13,  57238.4062,  57238.4062,  ,NEOWISE    ,  Mainzer et al. 2014  ApJ  792  30 
 8.817e+13, 1.374e-11, 2.400e-13,  57238.6016,  57238.6016,  ,NEOWISE    ,  Mainzer et al. 2014  ApJ  792  30 
 6.517e+13, 1.541e-11, 2.150e-13,  57238.6016,  57238.6016,  ,NEOWISE    ,  Mainzer et al. 2014  ApJ  792  30 
 8.817e+13, 1.929e-11, 3.400e-13,  57970.4883,  57970.4883,  ,NEOWISE    ,  Mainzer et al. 2014  ApJ  792  30 
 6.517e+13, 2.157e-11, 3.400e-13,  57970.4883,  57970.4883,  ,NEOWISE    ,  Mainzer et al. 2014  ApJ  792  30 
 8.817e+13, 1.975e-11, 2.900e-13,  59065.3594,  59065.3594,  ,NEOWISE    ,  Mainzer et al. 2014  ApJ  792  30 
 6.517e+13, 2.438e-11, 3.150e-13,  59065.3594,  59065.3594,  ,NEOWISE    ,  Mainzer et al. 2014  ApJ  792  30 
 8.817e+13, 2.188e-11, 3.000e-13,  59064.7734,  59064.7734,  ,NEOWISE    ,  Mainzer et al. 2014  ApJ  792  30 
 6.517e+13, 2.551e-11, 3.300e-13,  59064.7734,  59064.7734,  ,NEOWISE    ,  Mainzer et al. 2014  ApJ  792  30 
 8.817e+13, 2.192e-11, 4.050e-13,  59065.8828,  59065.8828,  ,NEOWISE    ,  Mainzer et al. 2014  ApJ  792  30 
 6.517e+13, 2.493e-11, 3.450e-13,  59065.8828,  59065.8828,  ,NEOWISE    ,  Mainzer et al. 2014  ApJ  792  30 
 8.817e+13, 2.146e-11, 2.950e-13,  59064.9023,  59064.9023,  ,NEOWISE    ,  Mainzer et al. 2014  ApJ  792  30 
 6.517e+13, 2.495e-11, 3.450e-13,  59064.9023,  59064.9023,  ,NEOWISE    ,  Mainzer et al. 2014  ApJ  792  30 
 8.817e+13, 2.210e-11, 3.650e-13,  59065.1641,  59065.1641,  ,NEOWISE    ,  Mainzer et al. 2014  ApJ  792  30 
 6.517e+13, 2.456e-11, 3.150e-13,  59065.1641,  59065.1641,  ,NEOWISE    ,  Mainzer et al. 2014  ApJ  792  30 
 8.817e+13, 2.146e-11, 3.150e-13,  59065.2969,  59065.2969,  ,NEOWISE    ,  Mainzer et al. 2014  ApJ  792  30 
 6.517e+13, 2.420e-11, 3.150e-13,  59065.2969,  59065.2969,  ,NEOWISE    ,  Mainzer et al. 2014  ApJ  792  30 
 8.817e+13, 2.206e-11, 3.050e-13,  59064.6406,  59064.6406,  ,NEOWISE    ,  Mainzer et al. 2014  ApJ  792  30 
 6.517e+13, 2.546e-11, 3.300e-13,  59064.6406,  59064.6406,  ,NEOWISE    ,  Mainzer et al. 2014  ApJ  792  30 
 8.817e+13, 2.186e-11, 3.450e-13,  59064.9688,  59064.9688,  ,NEOWISE    ,  Mainzer et al. 2014  ApJ  792  30 
 6.517e+13, 2.516e-11, 3.500e-13,  59064.9688,  59064.9688,  ,NEOWISE    ,  Mainzer et al. 2014  ApJ  792  30 
 8.817e+13, 2.142e-11, 3.150e-13,  59065.0352,  59065.0352,  ,NEOWISE    ,  Mainzer et al. 2014  ApJ  792  30 
 6.517e+13, 2.490e-11, 3.650e-13,  59065.0352,  59065.0352,  ,NEOWISE    ,  Mainzer et al. 2014  ApJ  792  30 
 8.817e+13, 2.132e-11, 3.150e-13,  59065.0977,  59065.0977,  ,NEOWISE    ,  Mainzer et al. 2014  ApJ  792  30 
 6.517e+13, 2.470e-11, 3.200e-13,  59065.0977,  59065.0977,  ,NEOWISE    ,  Mainzer et al. 2014  ApJ  792  30 
 8.817e+13, 2.126e-11, 2.950e-13,  59065.2305,  59065.2305,  ,NEOWISE    ,  Mainzer et al. 2014  ApJ  792  30 
 6.517e+13, 2.427e-11, 3.100e-13,  59065.2305,  59065.2305,  ,NEOWISE    ,  Mainzer et al. 2014  ApJ  792  30 
 8.817e+13, 2.154e-11, 3.550e-13,  59065.4258,  59065.4258,  ,NEOWISE    ,  Mainzer et al. 2014  ApJ  792  30 
 6.517e+13, 2.359e-11, 3.500e-13,  59065.4258,  59065.4258,  ,NEOWISE    ,  Mainzer et al. 2014  ApJ  792  30 
 8.817e+13, 2.132e-11, 3.150e-13,  59065.4922,  59065.4922,  ,NEOWISE    ,  Mainzer et al. 2014  ApJ  792  30 
 6.517e+13, 2.516e-11, 3.250e-13,  59065.4922,  59065.4922,  ,NEOWISE    ,  Mainzer et al. 2014  ApJ  792  30 
 8.817e+13, 2.091e-11, 3.450e-13,  59065.5586,  59065.5586,  ,NEOWISE    ,  Mainzer et al. 2014  ApJ  792  30 
 6.517e+13, 2.434e-11, 3.600e-13,  59065.5586,  59065.5586,  ,NEOWISE    ,  Mainzer et al. 2014  ApJ  792  30 
 8.817e+13, 2.128e-11, 3.750e-13,  59065.5586,  59065.5586,  ,NEOWISE    ,  Mainzer et al. 2014  ApJ  792  30 
 6.517e+13, 2.452e-11, 3.600e-13,  59065.5586,  59065.5586,  ,NEOWISE    ,  Mainzer et al. 2014  ApJ  792  30 
 8.817e+13, 2.082e-11, 3.650e-13,  59065.6211,  59065.6211,  ,NEOWISE    ,  Mainzer et al. 2014  ApJ  792  30 
 6.517e+13, 2.504e-11, 3.450e-13,  59065.6211,  59065.6211,  ,NEOWISE    ,  Mainzer et al. 2014  ApJ  792  30 
 8.817e+13, 2.061e-11, 3.200e-13,  59065.7539,  59065.7539,  ,NEOWISE    ,  Mainzer et al. 2014  ApJ  792  30 
 6.517e+13, 2.458e-11, 3.150e-13,  59065.7539,  59065.7539,  ,NEOWISE    ,  Mainzer et al. 2014  ApJ  792  30 
 8.817e+13, 1.336e-11, 2.200e-13,  59588.4180,  59588.4180,  ,NEOWISE    ,  Mainzer et al. 2014  ApJ  792  30 
 6.517e+13, 1.584e-11, 2.150e-13,  59588.4180,  59588.4180,  ,NEOWISE    ,  Mainzer et al. 2014  ApJ  792  30 
 8.817e+13, 8.473e-12, 1.560e-13,  58701.3164,  58701.3164,  ,NEOWISE    ,  Mainzer et al. 2014  ApJ  792  30 
 6.517e+13, 8.951e-12, 1.650e-13,  58701.3164,  58701.3164,  ,NEOWISE    ,  Mainzer et al. 2014  ApJ  792  30 
 8.817e+13, 9.257e-12, 1.960e-13,  58701.5781,  58701.5781,  ,NEOWISE    ,  Mainzer et al. 2014  ApJ  792  30 
 6.517e+13, 9.347e-12, 1.550e-13,  58701.5781,  58701.5781,  ,NEOWISE    ,  Mainzer et al. 2014  ApJ  792  30 
 8.817e+13, 7.015e-12, 1.225e-13,  58700.4648,  58700.4648,  ,NEOWISE    ,  Mainzer et al. 2014  ApJ  792  30 
 6.517e+13, 7.182e-12, 1.325e-13,  58700.4648,  58700.4648,  ,NEOWISE    ,  Mainzer et al. 2014  ApJ  792  30 
 8.817e+13, 7.185e-12, 1.255e-13,  58700.5977,  58700.5977,  ,NEOWISE    ,  Mainzer et al. 2014  ApJ  792  30 
 6.517e+13, 7.370e-12, 1.290e-13,  58700.5977,  58700.5977,  ,NEOWISE    ,  Mainzer et al. 2014  ApJ  792  30 
 8.817e+13, 7.441e-12, 1.235e-13,  58700.7266,  58700.7266,  ,NEOWISE    ,  Mainzer et al. 2014  ApJ  792  30 
 6.517e+13, 7.839e-12, 1.370e-13,  58700.7266,  58700.7266,  ,NEOWISE    ,  Mainzer et al. 2014  ApJ  792  30 
 8.817e+13, 7.636e-12, 1.615e-13,  58700.8594,  58700.8594,  ,NEOWISE    ,  Mainzer et al. 2014  ApJ  792  30 
 6.517e+13, 7.948e-12, 1.245e-13,  58700.8594,  58700.8594,  ,NEOWISE    ,  Mainzer et al. 2014  ApJ  792  30 
 8.817e+13, 7.503e-12, 1.385e-13,  58700.8594,  58700.8594,  ,NEOWISE    ,  Mainzer et al. 2014  ApJ  792  30 
 6.517e+13, 7.788e-12, 1.580e-13,  58700.8594,  58700.8594,  ,NEOWISE    ,  Mainzer et al. 2014  ApJ  792  30 
 8.817e+13, 7.608e-12, 1.400e-13,  58700.9258,  58700.9258,  ,NEOWISE    ,  Mainzer et al. 2014  ApJ  792  30 
 6.517e+13, 7.882e-12, 1.375e-13,  58700.9258,  58700.9258,  ,NEOWISE    ,  Mainzer et al. 2014  ApJ  792  30 
 8.817e+13, 7.728e-12, 1.565e-13,  58700.9883,  58700.9883,  ,NEOWISE    ,  Mainzer et al. 2014  ApJ  792  30 
 6.517e+13, 7.868e-12, 1.520e-13,  58700.9883,  58700.9883,  ,NEOWISE    ,  Mainzer et al. 2014  ApJ  792  30 
 8.817e+13, 7.850e-12, 1.370e-13,  58701.0547,  58701.0547,  ,NEOWISE    ,  Mainzer et al. 2014  ApJ  792  30 
 6.517e+13, 8.246e-12, 1.445e-13,  58701.0547,  58701.0547,  ,NEOWISE    ,  Mainzer et al. 2014  ApJ  792  30 
 8.817e+13, 8.129e-12, 1.425e-13,  58701.1875,  58701.1875,  ,NEOWISE    ,  Mainzer et al. 2014  ApJ  792  30 
 6.517e+13, 8.384e-12, 1.465e-13,  58701.1875,  58701.1875,  ,NEOWISE    ,  Mainzer et al. 2014  ApJ  792  30 
 8.817e+13, 8.319e-12, 1.460e-13,  58701.2500,  58701.2500,  ,NEOWISE    ,  Mainzer et al. 2014  ApJ  792  30 
 6.517e+13, 8.540e-12, 1.495e-13,  58701.2500,  58701.2500,  ,NEOWISE    ,  Mainzer et al. 2014  ApJ  792  30 
 8.817e+13, 8.489e-12, 1.565e-13,  58701.4492,  58701.4492,  ,NEOWISE    ,  Mainzer et al. 2014  ApJ  792  30 
 6.517e+13, 8.771e-12, 1.615e-13,  58701.4492,  58701.4492,  ,NEOWISE    ,  Mainzer et al. 2014  ApJ  792  30 
 8.817e+13, 9.560e-12, 1.850e-13,  59591.4258,  59591.4258,  ,NEOWISE    ,  Mainzer et al. 2014  ApJ  792  30 
 6.517e+13, 1.119e-11, 1.650e-13,  59591.4258,  59591.4258,  ,NEOWISE    ,  Mainzer et al. 2014  ApJ  792  30 
 8.817e+13, 1.023e-11, 1.700e-13,  59591.8164,  59591.8164,  ,NEOWISE    ,  Mainzer et al. 2014  ApJ  792  30 
 6.517e+13, 1.204e-11, 1.900e-13,  59591.8164,  59591.8164,  ,NEOWISE    ,  Mainzer et al. 2014  ApJ  792  30 
 8.817e+13, 9.197e-12, 1.440e-13,  59592.4023,  59592.4023,  ,NEOWISE    ,  Mainzer et al. 2014  ApJ  792  30 
 6.517e+13, 1.222e-11, 1.900e-13,  59592.4023,  59592.4023,  ,NEOWISE    ,  Mainzer et al. 2014  ApJ  792  30 
 8.817e+13, 1.328e-11, 2.200e-13,  59588.6797,  59588.6797,  ,NEOWISE    ,  Mainzer et al. 2014  ApJ  792  30 
 6.517e+13, 1.545e-11, 2.150e-13,  59588.6797,  59588.6797,  ,NEOWISE    ,  Mainzer et al. 2014  ApJ  792  30 
 8.817e+13, 1.323e-11, 2.150e-13,  59588.8125,  59588.8125,  ,NEOWISE    ,  Mainzer et al. 2014  ApJ  792  30 
 6.517e+13, 1.636e-11, 2.250e-13,  59588.8125,  59588.8125,  ,NEOWISE    ,  Mainzer et al. 2014  ApJ  792  30 
 8.817e+13, 1.379e-11, 2.450e-13,  59588.9414,  59588.9414,  ,NEOWISE    ,  Mainzer et al. 2014  ApJ  792  30 
 6.517e+13, 1.623e-11, 2.400e-13,  59588.9414,  59588.9414,  ,NEOWISE    ,  Mainzer et al. 2014  ApJ  792  30 
 8.817e+13, 1.238e-11, 1.950e-13,  59591.2930,  59591.2930,  ,NEOWISE    ,  Mainzer et al. 2014  ApJ  792  30 
 6.517e+13, 1.506e-11, 2.100e-13,  59591.2930,  59591.2930,  ,NEOWISE    ,  Mainzer et al. 2014  ApJ  792  30 
 8.817e+13, 1.162e-11, 2.050e-13,  59591.5547,  59591.5547,  ,NEOWISE    ,  Mainzer et al. 2014  ApJ  792  30 
 6.517e+13, 1.361e-11, 2.000e-13,  59591.5547,  59591.5547,  ,NEOWISE    ,  Mainzer et al. 2014  ApJ  792  30 
 8.817e+13, 8.107e-12, 1.340e-13,  57047.7031,  57047.7031,  ,NEOWISE    ,  Mainzer et al. 2014  ApJ  792  30 
 6.517e+13, 9.468e-12, 1.655e-13,  57047.7031,  57047.7031,  ,NEOWISE    ,  Mainzer et al. 2014  ApJ  792  30 
 8.817e+13, 8.319e-12, 1.225e-13,  57047.9688,  57047.9688,  ,NEOWISE    ,  Mainzer et al. 2014  ApJ  792  30 
 6.517e+13, 9.600e-12, 1.505e-13,  57047.9688,  57047.9688,  ,NEOWISE    ,  Mainzer et al. 2014  ApJ  792  30 
 8.817e+13, 8.182e-12, 1.280e-13,  57047.5742,  57047.5742,  ,NEOWISE    ,  Mainzer et al. 2014  ApJ  792  30 
 6.517e+13, 9.591e-12, 1.680e-13,  57047.5742,  57047.5742,  ,NEOWISE    ,  Mainzer et al. 2014  ApJ  792  30 
 8.817e+13, 8.427e-12, 1.320e-13,  57048.2969,  57048.2969,  ,NEOWISE    ,  Mainzer et al. 2014  ApJ  792  30 
 6.517e+13, 1.010e-11, 1.495e-13,  57048.2969,  57048.2969,  ,NEOWISE    ,  Mainzer et al. 2014  ApJ  792  30 
 8.817e+13, 8.473e-12, 1.325e-13,  57047.3086,  57047.3086,  ,NEOWISE    ,  Mainzer et al. 2014  ApJ  792  30 
 6.517e+13, 9.715e-12, 1.615e-13,  57047.3086,  57047.3086,  ,NEOWISE    ,  Mainzer et al. 2014  ApJ  792  30 
 8.817e+13, 8.372e-12, 1.235e-13,  57048.1641,  57048.1641,  ,NEOWISE    ,  Mainzer et al. 2014  ApJ  792  30 
 6.517e+13, 9.697e-12, 1.515e-13,  57048.1641,  57048.1641,  ,NEOWISE    ,  Mainzer et al. 2014  ApJ  792  30 
 8.817e+13, 8.296e-12, 1.375e-13,  57047.9023,  57047.9023,  ,NEOWISE    ,  Mainzer et al. 2014  ApJ  792  30 
 6.517e+13, 9.582e-12, 1.410e-13,  57047.9023,  57047.9023,  ,NEOWISE    ,  Mainzer et al. 2014  ApJ  792  30 
 8.817e+13, 8.010e-12, 1.475e-13,  57047.4414,  57047.4414,  ,NEOWISE    ,  Mainzer et al. 2014  ApJ  792  30 
 6.517e+13, 1.017e-11, 1.765e-13,  57047.4414,  57047.4414,  ,NEOWISE    ,  Mainzer et al. 2014  ApJ  792  30 
 8.817e+13, 8.205e-12, 1.435e-13,  57047.6406,  57047.6406,  ,NEOWISE    ,  Mainzer et al. 2014  ApJ  792  30 
 6.517e+13, 9.923e-12, 1.745e-13,  57047.6406,  57047.6406,  ,NEOWISE    ,  Mainzer et al. 2014  ApJ  792  30 
 8.817e+13, 8.273e-12, 1.295e-13,  57048.0312,  57048.0312,  ,NEOWISE    ,  Mainzer et al. 2014  ApJ  792  30 
 6.517e+13, 9.688e-12, 1.695e-13,  57048.0312,  57048.0312,  ,NEOWISE    ,  Mainzer et al. 2014  ApJ  792  30 
 8.817e+13, 8.220e-12, 1.510e-13,  57047.8359,  57047.8359,  ,NEOWISE    ,  Mainzer et al. 2014  ApJ  792  30 
 6.517e+13, 9.760e-12, 1.440e-13,  57047.8359,  57047.8359,  ,NEOWISE    ,  Mainzer et al. 2014  ApJ  792  30 
 8.817e+13, 8.189e-12, 1.510e-13,  57047.7695,  57047.7695,  ,NEOWISE    ,  Mainzer et al. 2014  ApJ  792  30 
 6.517e+13, 9.424e-12, 1.565e-13,  57047.7695,  57047.7695,  ,NEOWISE    ,  Mainzer et al. 2014  ApJ  792  30 
 8.817e+13, 8.018e-12, 1.400e-13,  57047.8359,  57047.8359,  ,NEOWISE    ,  Mainzer et al. 2014  ApJ  792  30 
 6.517e+13, 9.688e-12, 1.425e-13,  57047.8359,  57047.8359,  ,NEOWISE    ,  Mainzer et al. 2014  ApJ  792  30 
 8.817e+13, 3.820e-12, 9.500e-14,  57771.9453,  57771.9453,  ,NEOWISE    ,  Mainzer et al. 2014  ApJ  792  30 
 6.517e+13, 4.336e-12, 1.120e-13,  57771.9453,  57771.9453,  ,NEOWISE    ,  Mainzer et al. 2014  ApJ  792  30 
 8.817e+13, 3.989e-12, 9.200e-14,  57772.0078,  57772.0078,  ,NEOWISE    ,  Mainzer et al. 2014  ApJ  792  30 
 6.517e+13, 4.771e-12, 1.140e-13,  57772.0078,  57772.0078,  ,NEOWISE    ,  Mainzer et al. 2014  ApJ  792  30 
 8.817e+13, 3.057e-12, 7.350e-14,  57772.4023,  57772.4023,  ,NEOWISE    ,  Mainzer et al. 2014  ApJ  792  30 
 6.517e+13, 3.907e-12, 9.000e-14,  57772.4023,  57772.4023,  ,NEOWISE    ,  Mainzer et al. 2014  ApJ  792  30 
 8.817e+13, 3.931e-12, 7.600e-14,  57772.3359,  57772.3359,  ,NEOWISE    ,  Mainzer et al. 2014  ApJ  792  30 
 6.517e+13, 4.689e-12, 1.080e-13,  57772.3359,  57772.3359,  ,NEOWISE    ,  Mainzer et al. 2014  ApJ  792  30 
 8.817e+13, 3.866e-12, 7.850e-14,  57772.6641,  57772.6641,  ,NEOWISE    ,  Mainzer et al. 2014  ApJ  792  30 
 6.517e+13, 4.582e-12, 1.010e-13,  57772.6641,  57772.6641,  ,NEOWISE    ,  Mainzer et al. 2014  ApJ  792  30 
 8.817e+13, 3.761e-12, 8.350e-14,  57772.9258,  57772.9258,  ,NEOWISE    ,  Mainzer et al. 2014  ApJ  792  30 
 6.517e+13, 4.388e-12, 9.300e-14,  57772.9258,  57772.9258,  ,NEOWISE    ,  Mainzer et al. 2014  ApJ  792  30 
 8.817e+13, 3.764e-12, 8.700e-14,  57772.0742,  57772.0742,  ,NEOWISE    ,  Mainzer et al. 2014  ApJ  792  30 
 6.517e+13, 4.754e-12, 1.050e-13,  57772.0742,  57772.0742,  ,NEOWISE    ,  Mainzer et al. 2014  ApJ  792  30 
 8.817e+13, 3.982e-12, 7.700e-14,  57772.4688,  57772.4688,  ,NEOWISE    ,  Mainzer et al. 2014  ApJ  792  30 
 6.517e+13, 4.650e-12, 9.900e-14,  57772.4688,  57772.4688,  ,NEOWISE    ,  Mainzer et al. 2014  ApJ  792  30 
 8.817e+13, 3.370e-12, 7.800e-14,  57771.6797,  57771.6797,  ,NEOWISE    ,  Mainzer et al. 2014  ApJ  792  30 
 6.517e+13, 3.829e-12, 9.150e-14,  57771.6797,  57771.6797,  ,NEOWISE    ,  Mainzer et al. 2014  ApJ  792  30 
 8.817e+13, 3.128e-12, 7.500e-14,  57771.8125,  57771.8125,  ,NEOWISE    ,  Mainzer et al. 2014  ApJ  792  30 
 6.517e+13, 3.553e-12, 9.150e-14,  57771.8125,  57771.8125,  ,NEOWISE    ,  Mainzer et al. 2014  ApJ  792  30 
 8.817e+13, 3.733e-12, 8.250e-14,  57772.2695,  57772.2695,  ,NEOWISE    ,  Mainzer et al. 2014  ApJ  792  30 
 6.517e+13, 4.527e-12, 1.125e-13,  57772.2695,  57772.2695,  ,NEOWISE    ,  Mainzer et al. 2014  ApJ  792  30 
 8.817e+13, 2.935e-12, 6.500e-14,  57772.7969,  57772.7969,  ,NEOWISE    ,  Mainzer et al. 2014  ApJ  792  30 
 6.517e+13, 3.563e-12, 8.200e-14,  57772.7969,  57772.7969,  ,NEOWISE    ,  Mainzer et al. 2014  ApJ  792  30 
 8.817e+13, 3.006e-12, 6.650e-14,  57772.2070,  57772.2070,  ,NEOWISE    ,  Mainzer et al. 2014  ApJ  792  30 
 6.517e+13, 3.476e-12, 8.000e-14,  57772.2070,  57772.2070,  ,NEOWISE    ,  Mainzer et al. 2014  ApJ  792  30 
 8.817e+13, 5.671e-12, 1.150e-13,  58493.9219,  58493.9219,  ,NEOWISE    ,  Mainzer et al. 2014  ApJ  792  30 
 6.517e+13, 6.366e-12, 1.170e-13,  58493.9219,  58493.9219,  ,NEOWISE    ,  Mainzer et al. 2014  ApJ  792  30 
 8.817e+13, 5.814e-12, 1.180e-13,  58494.3789,  58494.3789,  ,NEOWISE    ,  Mainzer et al. 2014  ApJ  792  30 
 6.517e+13, 6.250e-12, 1.095e-13,  58494.3789,  58494.3789,  ,NEOWISE    ,  Mainzer et al. 2014  ApJ  792  30 
 8.817e+13, 5.406e-12, 1.245e-13,  58494.3789,  58494.3789,  ,NEOWISE    ,  Mainzer et al. 2014  ApJ  792  30 
 6.517e+13, 6.290e-12, 1.220e-13,  58494.3789,  58494.3789,  ,NEOWISE    ,  Mainzer et al. 2014  ApJ  792  30 
 8.817e+13, 5.614e-12, 1.190e-13,  58493.7266,  58493.7266,  ,NEOWISE    ,  Mainzer et al. 2014  ApJ  792  30 
 6.517e+13, 6.267e-12, 1.155e-13,  58493.7266,  58493.7266,  ,NEOWISE    ,  Mainzer et al. 2014  ApJ  792  30 
 8.817e+13, 5.645e-12, 1.090e-13,  58493.8555,  58493.8555,  ,NEOWISE    ,  Mainzer et al. 2014  ApJ  792  30 
 6.517e+13, 6.267e-12, 1.155e-13,  58493.8555,  58493.8555,  ,NEOWISE    ,  Mainzer et al. 2014  ApJ  792  30 
 8.817e+13, 5.760e-12, 1.165e-13,  58493.9883,  58493.9883,  ,NEOWISE    ,  Mainzer et al. 2014  ApJ  792  30 
 6.517e+13, 5.930e-12, 1.150e-13,  58493.9883,  58493.9883,  ,NEOWISE    ,  Mainzer et al. 2014  ApJ  792  30 
 8.817e+13, 5.905e-12, 1.085e-13,  58494.1172,  58494.1172,  ,NEOWISE    ,  Mainzer et al. 2014  ApJ  792  30 
 6.517e+13, 6.366e-12, 1.055e-13,  58494.1172,  58494.1172,  ,NEOWISE    ,  Mainzer et al. 2014  ApJ  792  30 
 8.817e+13, 5.619e-12, 1.140e-13,  58493.2695,  58493.2695,  ,NEOWISE    ,  Mainzer et al. 2014  ApJ  792  30 
 6.517e+13, 6.568e-12, 1.210e-13,  58493.2695,  58493.2695,  ,NEOWISE    ,  Mainzer et al. 2014  ApJ  792  30 
 8.817e+13, 4.849e-12, 1.115e-13,  56876.9805,  56876.9805,  ,NEOWISE    ,  Mainzer et al. 2014  ApJ  792  30 
 6.517e+13, 5.935e-12, 1.095e-13,  56876.9805,  56876.9805,  ,NEOWISE    ,  Mainzer et al. 2014  ApJ  792  30 
 8.817e+13, 4.805e-12, 1.105e-13,  56877.3086,  56877.3086,  ,NEOWISE    ,  Mainzer et al. 2014  ApJ  792  30 
 6.517e+13, 6.107e-12, 1.125e-13,  56877.3086,  56877.3086,  ,NEOWISE    ,  Mainzer et al. 2014  ApJ  792  30 
 8.817e+13, 4.813e-12, 1.375e-13,  56877.1094,  56877.1094,  ,NEOWISE    ,  Mainzer et al. 2014  ApJ  792  30 
 6.517e+13, 5.859e-12, 1.080e-13,  56877.1094,  56877.1094,  ,NEOWISE    ,  Mainzer et al. 2014  ApJ  792  30 
 8.817e+13, 4.783e-12, 1.100e-13,  56877.3086,  56877.3086,  ,NEOWISE    ,  Mainzer et al. 2014  ApJ  792  30 
 6.517e+13, 5.816e-12, 1.340e-13,  56877.3086,  56877.3086,  ,NEOWISE    ,  Mainzer et al. 2014  ApJ  792  30 
 8.817e+13, 4.809e-12, 9.700e-14,  56876.9141,  56876.9141,  ,NEOWISE    ,  Mainzer et al. 2014  ApJ  792  30 
 6.517e+13, 5.908e-12, 1.090e-13,  56876.9141,  56876.9141,  ,NEOWISE    ,  Mainzer et al. 2014  ApJ  792  30 
 8.817e+13, 5.327e-12, 9.850e-14,  56876.5195,  56876.5195,  ,NEOWISE    ,  Mainzer et al. 2014  ApJ  792  30 
 6.517e+13, 6.372e-12, 1.175e-13,  56876.5195,  56876.5195,  ,NEOWISE    ,  Mainzer et al. 2014  ApJ  792  30 
 8.817e+13, 5.371e-12, 9.400e-14,  56876.3203,  56876.3203,  ,NEOWISE    ,  Mainzer et al. 2014  ApJ  792  30 
 6.517e+13, 6.107e-12, 1.010e-13,  56876.3203,  56876.3203,  ,NEOWISE    ,  Mainzer et al. 2014  ApJ  792  30 
 8.817e+13, 5.205e-12, 1.005e-13,  56876.7148,  56876.7148,  ,NEOWISE    ,  Mainzer et al. 2014  ApJ  792  30 
 6.517e+13, 5.919e-12, 1.145e-13,  56876.7148,  56876.7148,  ,NEOWISE    ,  Mainzer et al. 2014  ApJ  792  30 
 8.817e+13, 4.916e-12, 9.050e-14,  56877.0430,  56877.0430,  ,NEOWISE    ,  Mainzer et al. 2014  ApJ  792  30 
 6.517e+13, 5.985e-12, 1.160e-13,  56877.0430,  56877.0430,  ,NEOWISE    ,  Mainzer et al. 2014  ApJ  792  30 
 8.817e+13, 5.386e-12, 9.900e-14,  56876.1875,  56876.1875,  ,NEOWISE    ,  Mainzer et al. 2014  ApJ  792  30 
 6.517e+13, 6.413e-12, 1.120e-13,  56876.1875,  56876.1875,  ,NEOWISE    ,  Mainzer et al. 2014  ApJ  792  30 
 8.817e+13, 4.953e-12, 9.600e-14,  56876.8477,  56876.8477,  ,NEOWISE    ,  Mainzer et al. 2014  ApJ  792  30 
 6.517e+13, 5.859e-12, 9.700e-14,  56876.8477,  56876.8477,  ,NEOWISE    ,  Mainzer et al. 2014  ApJ  792  30 
 8.817e+13, 5.234e-12, 1.060e-13,  56876.4531,  56876.4531,  ,NEOWISE    ,  Mainzer et al. 2014  ApJ  792  30 
 6.517e+13, 6.136e-12, 1.185e-13,  56876.4531,  56876.4531,  ,NEOWISE    ,  Mainzer et al. 2014  ApJ  792  30 
 8.817e+13, 4.957e-12, 8.700e-14,  56876.7812,  56876.7812,  ,NEOWISE    ,  Mainzer et al. 2014  ApJ  792  30 
 6.517e+13, 5.742e-12, 1.060e-13,  56876.7812,  56876.7812,  ,NEOWISE    ,  Mainzer et al. 2014  ApJ  792  30 
 8.817e+13, 5.073e-12, 1.120e-13,  56876.9805,  56876.9805,  ,NEOWISE    ,  Mainzer et al. 2014  ApJ  792  30 
 6.517e+13, 5.854e-12, 1.185e-13,  56876.9805,  56876.9805,  ,NEOWISE    ,  Mainzer et al. 2014  ApJ  792  30 
 8.817e+13, 5.115e-12, 9.900e-14,  56876.5859,  56876.5859,  ,NEOWISE    ,  Mainzer et al. 2014  ApJ  792  30 
 6.517e+13, 6.074e-12, 1.005e-13,  56876.5859,  56876.5859,  ,NEOWISE    ,  Mainzer et al. 2014  ApJ  792  30 
 8.817e+13, 5.386e-12, 1.390e-13,  56876.6484,  56876.6484,  ,NEOWISE    ,  Mainzer et al. 2014  ApJ  792  30 
 6.517e+13, 5.779e-12, 1.010e-13,  56876.6484,  56876.6484,  ,NEOWISE    ,  Mainzer et al. 2014  ApJ  792  30 
 8.817e+13, 4.791e-12, 9.700e-14,  56877.1758,  56877.1758,  ,NEOWISE    ,  Mainzer et al. 2014  ApJ  792  30 
 6.517e+13, 5.679e-12, 1.200e-13,  56877.1758,  56877.1758,  ,NEOWISE    ,  Mainzer et al. 2014  ApJ  792  30 
 8.817e+13, 4.783e-12, 9.650e-14,  58131.9062,  58131.9062,  ,NEOWISE    ,  Mainzer et al. 2014  ApJ  792  30 
 6.517e+13, 5.742e-12, 1.060e-13,  58131.9062,  58131.9062,  ,NEOWISE    ,  Mainzer et al. 2014  ApJ  792  30 
 8.817e+13, 5.026e-12, 9.250e-14,  58132.0391,  58132.0391,  ,NEOWISE    ,  Mainzer et al. 2014  ApJ  792  30 
 6.517e+13, 6.158e-12, 1.080e-13,  58132.0391,  58132.0391,  ,NEOWISE    ,  Mainzer et al. 2014  ApJ  792  30 
 8.817e+13, 4.907e-12, 9.050e-14,  58132.6289,  58132.6289,  ,NEOWISE    ,  Mainzer et al. 2014  ApJ  792  30 
 6.517e+13, 6.074e-12, 1.065e-13,  58132.6289,  58132.6289,  ,NEOWISE    ,  Mainzer et al. 2014  ApJ  792  30 
 8.817e+13, 5.003e-12, 9.200e-14,  58132.2344,  58132.2344,  ,NEOWISE    ,  Mainzer et al. 2014  ApJ  792  30 
 6.517e+13, 6.062e-12, 1.060e-13,  58132.2344,  58132.2344,  ,NEOWISE    ,  Mainzer et al. 2014  ApJ  792  30 
 8.817e+13, 1.655e-11, 2.250e-13,  58860.7812,  58860.7812,  ,NEOWISE    ,  Mainzer et al. 2014  ApJ  792  30 
 6.517e+13, 1.783e-11, 2.450e-13,  58860.7812,  58860.7812,  ,NEOWISE    ,  Mainzer et al. 2014  ApJ  792  30 
 8.817e+13, 1.639e-11, 2.850e-13,  58861.1094,  58861.1094,  ,NEOWISE    ,  Mainzer et al. 2014  ApJ  792  30 
 6.517e+13, 1.827e-11, 2.850e-13,  58861.1094,  58861.1094,  ,NEOWISE    ,  Mainzer et al. 2014  ApJ  792  30 
 8.817e+13, 1.666e-11, 2.600e-13,  58861.1094,  58861.1094,  ,NEOWISE    ,  Mainzer et al. 2014  ApJ  792  30 
 6.517e+13, 1.827e-11, 2.550e-13,  58861.1094,  58861.1094,  ,NEOWISE    ,  Mainzer et al. 2014  ApJ  792  30 
 8.817e+13, 1.664e-11, 2.900e-13,  58860.5859,  58860.5859,  ,NEOWISE    ,  Mainzer et al. 2014  ApJ  792  30 
 6.517e+13, 1.776e-11, 2.450e-13,  58860.5859,  58860.5859,  ,NEOWISE    ,  Mainzer et al. 2014  ApJ  792  30 
 8.817e+13, 1.675e-11, 2.450e-13,  58860.6484,  58860.6484,  ,NEOWISE    ,  Mainzer et al. 2014  ApJ  792  30 
 6.517e+13, 1.843e-11, 2.550e-13,  58860.6484,  58860.6484,  ,NEOWISE    ,  Mainzer et al. 2014  ApJ  792  30 
 8.817e+13, 1.649e-11, 3.050e-13,  58860.7148,  58860.7148,  ,NEOWISE    ,  Mainzer et al. 2014  ApJ  792  30 
 6.517e+13, 1.681e-11, 2.450e-13,  58860.7148,  58860.7148,  ,NEOWISE    ,  Mainzer et al. 2014  ApJ  792  30 
 8.817e+13, 1.661e-11, 2.450e-13,  58860.8477,  58860.8477,  ,NEOWISE    ,  Mainzer et al. 2014  ApJ  792  30 
 6.517e+13, 1.853e-11, 2.400e-13,  58860.8477,  58860.8477,  ,NEOWISE    ,  Mainzer et al. 2014  ApJ  792  30 
 8.817e+13, 1.618e-11, 3.400e-13,  58860.9102,  58860.9102,  ,NEOWISE    ,  Mainzer et al. 2014  ApJ  792  30 
 6.517e+13, 1.621e-11, 2.100e-13,  58860.9102,  58860.9102,  ,NEOWISE    ,  Mainzer et al. 2014  ApJ  792  30 
 8.817e+13, 1.663e-11, 2.450e-13,  58860.9766,  58860.9766,  ,NEOWISE    ,  Mainzer et al. 2014  ApJ  792  30 
 6.517e+13, 1.863e-11, 2.950e-13,  58860.9766,  58860.9766,  ,NEOWISE    ,  Mainzer et al. 2014  ApJ  792  30 
 8.817e+13, 1.439e-11, 2.650e-13,  58860.1250,  58860.1250,  ,NEOWISE    ,  Mainzer et al. 2014  ApJ  792  30 
 6.517e+13, 1.633e-11, 2.550e-13,  58860.1250,  58860.1250,  ,NEOWISE    ,  Mainzer et al. 2014  ApJ  792  30 
 8.817e+13, 1.421e-11, 2.250e-13,  58861.2383,  58861.2383,  ,NEOWISE    ,  Mainzer et al. 2014  ApJ  792  30 
 6.517e+13, 1.673e-11, 2.500e-13,  58861.2383,  58861.2383,  ,NEOWISE    ,  Mainzer et al. 2014  ApJ  792  30 
 8.817e+13, 3.768e-12, 7.650e-14,  59796.6680,  59796.6680,  ,NEOWISE    ,  Mainzer et al. 2014  ApJ  792  30 
 6.517e+13, 4.308e-12, 9.500e-14,  59796.6680,  59796.6680,  ,NEOWISE    ,  Mainzer et al. 2014  ApJ  792  30 
 8.817e+13, 3.545e-12, 8.150e-14,  59797.3203,  59797.3203,  ,NEOWISE    ,  Mainzer et al. 2014  ApJ  792  30 
 6.517e+13, 4.099e-12, 9.050e-14,  59797.3203,  59797.3203,  ,NEOWISE    ,  Mainzer et al. 2014  ApJ  792  30 
 8.817e+13, 3.330e-12, 7.700e-14,  59797.0586,  59797.0586,  ,NEOWISE    ,  Mainzer et al. 2014  ApJ  792  30 
 6.517e+13, 3.567e-12, 9.500e-14,  59797.0586,  59797.0586,  ,NEOWISE    ,  Mainzer et al. 2014  ApJ  792  30 
 8.817e+13, 3.621e-12, 9.350e-14,  59797.1875,  59797.1875,  ,NEOWISE    ,  Mainzer et al. 2014  ApJ  792  30 
 6.517e+13, 4.336e-12, 9.600e-14,  59797.1875,  59797.1875,  ,NEOWISE    ,  Mainzer et al. 2014  ApJ  792  30 
 8.817e+13, 3.689e-12, 7.450e-14,  59795.9492,  59795.9492,  ,NEOWISE    ,  Mainzer et al. 2014  ApJ  792  30 
 6.517e+13, 4.186e-12, 8.450e-14,  59795.9492,  59795.9492,  ,NEOWISE    ,  Mainzer et al. 2014  ApJ  792  30 
 8.817e+13, 3.601e-12, 7.950e-14,  59796.7344,  59796.7344,  ,NEOWISE    ,  Mainzer et al. 2014  ApJ  792  30 
 6.517e+13, 4.148e-12, 9.550e-14,  59796.7344,  59796.7344,  ,NEOWISE    ,  Mainzer et al. 2014  ApJ  792  30 
 8.817e+13, 3.552e-12, 7.550e-14,  59796.9297,  59796.9297,  ,NEOWISE    ,  Mainzer et al. 2014  ApJ  792  30 
 6.517e+13, 3.914e-12, 1.150e-13,  59796.9297,  59796.9297,  ,NEOWISE    ,  Mainzer et al. 2014  ApJ  792  30 
 8.817e+13, 3.484e-12, 7.350e-14,  59796.2109,  59796.2109,  ,NEOWISE    ,  Mainzer et al. 2014  ApJ  792  30 
 6.517e+13, 4.114e-12, 1.060e-13,  59796.2109,  59796.2109,  ,NEOWISE    ,  Mainzer et al. 2014  ApJ  792  30 
 8.817e+13, 3.565e-12, 7.250e-14,  59796.4062,  59796.4062,  ,NEOWISE    ,  Mainzer et al. 2014  ApJ  792  30 
 6.517e+13, 4.050e-12, 8.600e-14,  59796.4062,  59796.4062,  ,NEOWISE    ,  Mainzer et al. 2014  ApJ  792  30 
 8.817e+13, 3.685e-12, 7.500e-14,  59796.0820,  59796.0820,  ,NEOWISE    ,  Mainzer et al. 2014  ApJ  792  30 
 6.517e+13, 4.198e-12, 8.900e-14,  59796.0820,  59796.0820,  ,NEOWISE    ,  Mainzer et al. 2014  ApJ  792  30 
 8.817e+13, 2.692e-12, 7.200e-14,  58499.2227,  58499.2227,  ,NEOWISE    ,  Mainzer et al. 2014  ApJ  792  30 
 6.517e+13, 3.697e-12, 8.200e-14,  58499.2227,  58499.2227,  ,NEOWISE    ,  Mainzer et al. 2014  ApJ  792  30 
 8.817e+13, 6.614e-12, 1.095e-13,  58700.3359,  58700.3359,  ,NEOWISE    ,  Mainzer et al. 2014  ApJ  792  30 
 6.517e+13, 6.884e-12, 1.205e-13,  58700.3359,  58700.3359,  ,NEOWISE    ,  Mainzer et al. 2014  ApJ  792  30 
 8.817e+13, 1.716e-11, 2.500e-13,  59072.6211,  59072.6211,  ,NEOWISE    ,  Mainzer et al. 2014  ApJ  792  30 
 6.517e+13, 1.908e-11, 2.850e-13,  59072.6211,  59072.6211,  ,NEOWISE    ,  Mainzer et al. 2014  ApJ  792  30 
 8.817e+13, 6.535e-12, 1.325e-13,  59432.5820,  59432.5820,  ,NEOWISE    ,  Mainzer et al. 2014  ApJ  792  30 
 6.517e+13, 6.903e-12, 1.465e-13,  59432.5820,  59432.5820,  ,NEOWISE    ,  Mainzer et al. 2014  ApJ  792  30 
 8.817e+13, 6.602e-12, 1.340e-13,  59432.9102,  59432.9102,  ,NEOWISE    ,  Mainzer et al. 2014  ApJ  792  30 
 6.517e+13, 7.555e-12, 1.460e-13,  59432.9102,  59432.9102,  ,NEOWISE    ,  Mainzer et al. 2014  ApJ  792  30 
 8.817e+13, 6.547e-12, 1.265e-13,  59432.4531,  59432.4531,  ,NEOWISE    ,  Mainzer et al. 2014  ApJ  792  30 
 6.517e+13, 7.377e-12, 1.360e-13,  59432.4531,  59432.4531,  ,NEOWISE    ,  Mainzer et al. 2014  ApJ  792  30 
 8.817e+13, 6.386e-12, 1.115e-13,  59432.0586,  59432.0586,  ,NEOWISE    ,  Mainzer et al. 2014  ApJ  792  30 
 6.517e+13, 7.229e-12, 1.195e-13,  59432.0586,  59432.0586,  ,NEOWISE    ,  Mainzer et al. 2014  ApJ  792  30 
 8.817e+13, 6.345e-12, 1.285e-13,  59432.7773,  59432.7773,  ,NEOWISE    ,  Mainzer et al. 2014  ApJ  792  30 
 6.517e+13, 7.493e-12, 1.310e-13,  59432.7773,  59432.7773,  ,NEOWISE    ,  Mainzer et al. 2014  ApJ  792  30 
 8.817e+13, 6.469e-12, 1.130e-13,  59432.5195,  59432.5195,  ,NEOWISE    ,  Mainzer et al. 2014  ApJ  792  30 
 6.517e+13, 7.329e-12, 1.690e-13,  59432.5195,  59432.5195,  ,NEOWISE    ,  Mainzer et al. 2014  ApJ  792  30 
 8.817e+13, 6.469e-12, 1.195e-13,  59432.6484,  59432.6484,  ,NEOWISE    ,  Mainzer et al. 2014  ApJ  792  30 
 6.517e+13, 7.282e-12, 1.610e-13,  59432.6484,  59432.6484,  ,NEOWISE    ,  Mainzer et al. 2014  ApJ  792  30 
 8.817e+13, 6.511e-12, 1.260e-13,  59432.7148,  59432.7148,  ,NEOWISE    ,  Mainzer et al. 2014  ApJ  792  30 
 6.517e+13, 7.103e-12, 1.505e-13,  59432.7148,  59432.7148,  ,NEOWISE    ,  Mainzer et al. 2014  ApJ  792  30 
 8.817e+13, 6.559e-12, 1.150e-13,  59433.0391,  59433.0391,  ,NEOWISE    ,  Mainzer et al. 2014  ApJ  792  30 
 6.517e+13, 7.753e-12, 1.430e-13,  59433.0391,  59433.0391,  ,NEOWISE    ,  Mainzer et al. 2014  ApJ  792  30 
 8.817e+13, 6.398e-12, 1.120e-13,  59431.7969,  59431.7969,  ,NEOWISE    ,  Mainzer et al. 2014  ApJ  792  30 
 6.517e+13, 6.961e-12, 1.350e-13,  59431.7969,  59431.7969,  ,NEOWISE    ,  Mainzer et al. 2014  ApJ  792  30 
 8.817e+13, 6.264e-12, 1.100e-13,  59431.9297,  59431.9297,  ,NEOWISE    ,  Mainzer et al. 2014  ApJ  792  30 
 6.517e+13, 7.032e-12, 1.295e-13,  59431.9297,  59431.9297,  ,NEOWISE    ,  Mainzer et al. 2014  ApJ  792  30 
 8.817e+13, 6.369e-12, 1.115e-13,  59432.1914,  59432.1914,  ,NEOWISE    ,  Mainzer et al. 2014  ApJ  792  30 
 6.517e+13, 7.215e-12, 1.265e-13,  59432.1914,  59432.1914,  ,NEOWISE    ,  Mainzer et al. 2014  ApJ  792  30 
 8.817e+13, 6.410e-12, 1.120e-13,  59432.2578,  59432.2578,  ,NEOWISE    ,  Mainzer et al. 2014  ApJ  792  30 
 6.517e+13, 7.465e-12, 1.375e-13,  59432.2578,  59432.2578,  ,NEOWISE    ,  Mainzer et al. 2014  ApJ  792  30 
 8.817e+13, 6.445e-12, 1.545e-13,  59432.3203,  59432.3203,  ,NEOWISE    ,  Mainzer et al. 2014  ApJ  792  30 
 6.517e+13, 7.235e-12, 1.265e-13,  59432.3203,  59432.3203,  ,NEOWISE    ,  Mainzer et al. 2014  ApJ  792  30 
 8.817e+13, 6.316e-12, 1.165e-13,  59432.3867,  59432.3867,  ,NEOWISE    ,  Mainzer et al. 2014  ApJ  792  30 
 6.517e+13, 7.182e-12, 1.325e-13,  59432.3867,  59432.3867,  ,NEOWISE    ,  Mainzer et al. 2014  ApJ  792  30 
 8.817e+13, 1.219e-11, 2.250e-13,  59591.7500,  59591.7500,  ,NEOWISE    ,  Mainzer et al. 2014  ApJ  792  30 
 6.517e+13, 1.429e-11, 2.100e-13,  59591.7500,  59591.7500,  ,NEOWISE    ,  Mainzer et al. 2014  ApJ  792  30 
 8.817e+13, 1.189e-11, 2.200e-13,  59591.8828,  59591.8828,  ,NEOWISE    ,  Mainzer et al. 2014  ApJ  792  30 
 6.517e+13, 1.416e-11, 2.200e-13,  59591.8828,  59591.8828,  ,NEOWISE    ,  Mainzer et al. 2014  ApJ  792  30 
 8.817e+13, 1.186e-11, 2.000e-13,  59591.9453,  59591.9453,  ,NEOWISE    ,  Mainzer et al. 2014  ApJ  792  30 
 6.517e+13, 1.409e-11, 2.050e-13,  59591.9453,  59591.9453,  ,NEOWISE    ,  Mainzer et al. 2014  ApJ  792  30 
 8.817e+13, 1.147e-11, 2.000e-13,  59592.0117,  59592.0117,  ,NEOWISE    ,  Mainzer et al. 2014  ApJ  792  30 
 6.517e+13, 1.397e-11, 2.050e-13,  59592.0117,  59592.0117,  ,NEOWISE    ,  Mainzer et al. 2014  ApJ  792  30 
 8.817e+13, 1.233e-11, 2.500e-13,  59591.6836,  59591.6836,  ,NEOWISE    ,  Mainzer et al. 2014  ApJ  792  30 
 6.517e+13, 1.462e-11, 2.450e-13,  59591.6836,  59591.6836,  ,NEOWISE    ,  Mainzer et al. 2014  ApJ  792  30 
 8.817e+13, 1.309e-11, 2.300e-13,  59588.5508,  59588.5508,  ,NEOWISE    ,  Mainzer et al. 2014  ApJ  792  30 
 6.517e+13, 1.593e-11, 2.350e-13,  59588.5508,  59588.5508,  ,NEOWISE    ,  Mainzer et al. 2014  ApJ  792  30 
 8.817e+13, 1.392e-11, 2.200e-13,  59588.8750,  59588.8750,  ,NEOWISE    ,  Mainzer et al. 2014  ApJ  792  30 
 6.517e+13, 1.577e-11, 2.300e-13,  59588.8750,  59588.8750,  ,NEOWISE    ,  Mainzer et al. 2014  ApJ  792  30 
 8.817e+13, 1.367e-11, 2.400e-13,  59589.0078,  59589.0078,  ,NEOWISE    ,  Mainzer et al. 2014  ApJ  792  30 
 6.517e+13, 1.598e-11, 2.200e-13,  59589.0078,  59589.0078,  ,NEOWISE    ,  Mainzer et al. 2014  ApJ  792  30 
 8.817e+13, 1.381e-11, 2.400e-13,  59589.0742,  59589.0742,  ,NEOWISE    ,  Mainzer et al. 2014  ApJ  792  30 
 6.517e+13, 1.603e-11, 2.500e-13,  59589.0742,  59589.0742,  ,NEOWISE    ,  Mainzer et al. 2014  ApJ  792  30 
 8.817e+13, 1.344e-11, 2.100e-13,  59589.2031,  59589.2031,  ,NEOWISE    ,  Mainzer et al. 2014  ApJ  792  30 
 6.517e+13, 1.553e-11, 2.300e-13,  59589.2031,  59589.2031,  ,NEOWISE    ,  Mainzer et al. 2014  ApJ  792  30 
 8.817e+13, 1.383e-11, 2.300e-13,  59589.2695,  59589.2695,  ,NEOWISE    ,  Mainzer et al. 2014  ApJ  792  30 
 6.517e+13, 1.614e-11, 2.500e-13,  59589.2695,  59589.2695,  ,NEOWISE    ,  Mainzer et al. 2014  ApJ  792  30 
 8.817e+13, 1.294e-11, 2.050e-13,  59589.3984,  59589.3984,  ,NEOWISE    ,  Mainzer et al. 2014  ApJ  792  30 
 6.517e+13, 1.558e-11, 2.250e-13,  59589.3984,  59589.3984,  ,NEOWISE    ,  Mainzer et al. 2014  ApJ  792  30 
 8.817e+13, 1.300e-11, 2.050e-13,  59589.6602,  59589.6602,  ,NEOWISE    ,  Mainzer et al. 2014  ApJ  792  30 
 6.517e+13, 1.538e-11, 2.150e-13,  59589.6602,  59589.6602,  ,NEOWISE    ,  Mainzer et al. 2014  ApJ  792  30 
 8.817e+13, 1.197e-11, 2.100e-13,  59591.9453,  59591.9453,  ,NEOWISE    ,  Mainzer et al. 2014  ApJ  792  30 
 6.517e+13, 1.382e-11, 2.150e-13,  59591.9453,  59591.9453,  ,NEOWISE    ,  Mainzer et al. 2014  ApJ  792  30 
 8.817e+13, 1.189e-11, 1.950e-13,  59592.0781,  59592.0781,  ,NEOWISE    ,  Mainzer et al. 2014  ApJ  792  30 
 6.517e+13, 1.454e-11, 2.150e-13,  59592.0781,  59592.0781,  ,NEOWISE    ,  Mainzer et al. 2014  ApJ  792  30 
 8.817e+13, 1.189e-11, 1.850e-13,  59592.2734,  59592.2734,  ,NEOWISE    ,  Mainzer et al. 2014  ApJ  792  30 
 6.517e+13, 1.403e-11, 1.900e-13,  59592.2734,  59592.2734,  ,NEOWISE    ,  Mainzer et al. 2014  ApJ  792  30 
 8.817e+13, 1.321e-11, 2.300e-13,  59589.3320,  59589.3320,  ,NEOWISE    ,  Mainzer et al. 2014  ApJ  792  30 
 6.517e+13, 1.567e-11, 2.450e-13,  59589.3320,  59589.3320,  ,NEOWISE    ,  Mainzer et al. 2014  ApJ  792  30 
 8.817e+13, 1.130e-11, 2.200e-13,  59591.8828,  59591.8828,  ,NEOWISE    ,  Mainzer et al. 2014  ApJ  792  30 
 6.517e+13, 1.400e-11, 2.150e-13,  59591.8828,  59591.8828,  ,NEOWISE    ,  Mainzer et al. 2014  ApJ  792  30 
 8.817e+13, 1.021e-11, 1.700e-13,  59592.2070,  59592.2070,  ,NEOWISE    ,  Mainzer et al. 2014  ApJ  792  30 
 6.517e+13, 1.261e-11, 2.000e-13,  59592.2070,  59592.2070,  ,NEOWISE    ,  Mainzer et al. 2014  ApJ  792  30 
 8.817e+13, 3.001e-12, 8.600e-14,  58336.3047,  58336.3047,  ,NEOWISE    ,  Mainzer et al. 2014  ApJ  792  30 
 6.517e+13, 3.620e-12, 8.000e-14,  58336.3047,  58336.3047,  ,NEOWISE    ,  Mainzer et al. 2014  ApJ  792  30 
 8.817e+13, 3.198e-12, 8.800e-14,  58337.5469,  58337.5469,  ,NEOWISE    ,  Mainzer et al. 2014  ApJ  792  30 
 6.517e+13, 3.752e-12, 9.300e-14,  58337.5469,  58337.5469,  ,NEOWISE    ,  Mainzer et al. 2014  ApJ  792  30 
 8.817e+13, 3.315e-12, 7.650e-14,  58337.4141,  58337.4141,  ,NEOWISE    ,  Mainzer et al. 2014  ApJ  792  30 
 6.517e+13, 3.787e-12, 9.400e-14,  58337.4141,  58337.4141,  ,NEOWISE    ,  Mainzer et al. 2014  ApJ  792  30 
 8.817e+13, 3.082e-12, 7.950e-14,  58336.6953,  58336.6953,  ,NEOWISE    ,  Mainzer et al. 2014  ApJ  792  30 
 6.517e+13, 3.473e-12, 9.600e-14,  58336.6953,  58336.6953,  ,NEOWISE    ,  Mainzer et al. 2014  ApJ  792  30 
 8.817e+13, 3.009e-12, 7.500e-14,  58336.8281,  58336.8281,  ,NEOWISE    ,  Mainzer et al. 2014  ApJ  792  30 
 6.517e+13, 3.735e-12, 9.600e-14,  58336.8281,  58336.8281,  ,NEOWISE    ,  Mainzer et al. 2014  ApJ  792  30 
 8.817e+13, 3.207e-12, 8.900e-14,  58336.9570,  58336.9570,  ,NEOWISE    ,  Mainzer et al. 2014  ApJ  792  30 
 6.517e+13, 3.832e-12, 9.550e-14,  58336.9570,  58336.9570,  ,NEOWISE    ,  Mainzer et al. 2014  ApJ  792  30 
 8.817e+13, 3.510e-12, 7.750e-14,  58337.2188,  58337.2188,  ,NEOWISE    ,  Mainzer et al. 2014  ApJ  792  30 
 6.517e+13, 4.091e-12, 9.400e-14,  58337.2188,  58337.2188,  ,NEOWISE    ,  Mainzer et al. 2014  ApJ  792  30 
 8.817e+13, 3.373e-12, 8.100e-14,  58337.5469,  58337.5469,  ,NEOWISE    ,  Mainzer et al. 2014  ApJ  792  30 
 6.517e+13, 3.965e-12, 1.055e-13,  58337.5469,  58337.5469,  ,NEOWISE    ,  Mainzer et al. 2014  ApJ  792  30 
 8.817e+13, 3.079e-12, 7.100e-14,  58337.6758,  58337.6758,  ,NEOWISE    ,  Mainzer et al. 2014  ApJ  792  30 
 6.517e+13, 3.711e-12, 8.550e-14,  58337.6758,  58337.6758,  ,NEOWISE    ,  Mainzer et al. 2014  ApJ  792  30 
 8.817e+13, 2.957e-12, 6.550e-14,  58336.5625,  58336.5625,  ,NEOWISE    ,  Mainzer et al. 2014  ApJ  792  30 
 6.517e+13, 3.653e-12, 8.400e-14,  58336.5625,  58336.5625,  ,NEOWISE    ,  Mainzer et al. 2014  ApJ  792  30 
 8.817e+13, 3.062e-12, 7.350e-14,  58336.7617,  58336.7617,  ,NEOWISE    ,  Mainzer et al. 2014  ApJ  792  30 
 6.517e+13, 3.606e-12, 8.300e-14,  58336.7617,  58336.7617,  ,NEOWISE    ,  Mainzer et al. 2014  ApJ  792  30 
 8.817e+13, 3.458e-12, 8.950e-14,  58337.0898,  58337.0898,  ,NEOWISE    ,  Mainzer et al. 2014  ApJ  792  30 
 6.517e+13, 3.861e-12, 9.950e-14,  58337.0898,  58337.0898,  ,NEOWISE    ,  Mainzer et al. 2014  ApJ  792  30 
 8.817e+13, 2.995e-12, 6.900e-14,  58336.4336,  58336.4336,  ,NEOWISE    ,  Mainzer et al. 2014  ApJ  792  30 
 6.517e+13, 3.610e-12, 7.650e-14,  58336.4336,  58336.4336,  ,NEOWISE    ,  Mainzer et al. 2014  ApJ  792  30 
 8.817e+13, 3.163e-12, 6.700e-14,  58336.8906,  58336.8906,  ,NEOWISE    ,  Mainzer et al. 2014  ApJ  792  30 
 6.517e+13, 3.773e-12, 7.950e-14,  58336.8906,  58336.8906,  ,NEOWISE    ,  Mainzer et al. 2014  ApJ  792  30 
 8.817e+13, 3.290e-12, 7.550e-14,  58337.0234,  58337.0234,  ,NEOWISE    ,  Mainzer et al. 2014  ApJ  792  30 
 6.517e+13, 3.907e-12, 9.000e-14,  58337.0234,  58337.0234,  ,NEOWISE    ,  Mainzer et al. 2014  ApJ  792  30 
 8.817e+13, 3.436e-12, 7.900e-14,  58337.1523,  58337.1523,  ,NEOWISE    ,  Mainzer et al. 2014  ApJ  792  30 
 6.517e+13, 4.013e-12, 8.900e-14,  58337.1523,  58337.1523,  ,NEOWISE    ,  Mainzer et al. 2014  ApJ  792  30 
 8.817e+13, 3.330e-12, 7.050e-14,  58337.2852,  58337.2852,  ,NEOWISE    ,  Mainzer et al. 2014  ApJ  792  30 
 6.517e+13, 4.099e-12, 1.020e-13,  58337.2852,  58337.2852,  ,NEOWISE    ,  Mainzer et al. 2014  ApJ  792  30 
 8.817e+13, 1.648e-11, 2.300e-13,  58861.3711,  58861.3711,  ,NEOWISE    ,  Mainzer et al. 2014  ApJ  792  30 
 6.517e+13, 1.791e-11, 2.300e-13,  58861.3711,  58861.3711,  ,NEOWISE    ,  Mainzer et al. 2014  ApJ  792  30 
 8.817e+13, 3.665e-12, 7.750e-14,  59796.3398,  59796.3398,  ,NEOWISE    ,  Mainzer et al. 2014  ApJ  792  30 
 6.517e+13, 4.080e-12, 9.800e-14,  59796.3398,  59796.3398,  ,NEOWISE    ,  Mainzer et al. 2014  ApJ  792  30 
 8.817e+13, 3.747e-12, 7.550e-14,  59796.4727,  59796.4727,  ,NEOWISE    ,  Mainzer et al. 2014  ApJ  792  30 
 6.517e+13, 4.256e-12, 1.180e-13,  59796.4727,  59796.4727,  ,NEOWISE    ,  Mainzer et al. 2014  ApJ  792  30 
 8.817e+13, 3.655e-12, 8.050e-14,  59796.5352,  59796.5352,  ,NEOWISE    ,  Mainzer et al. 2014  ApJ  792  30 
 6.517e+13, 4.404e-12, 9.700e-14,  59796.5352,  59796.5352,  ,NEOWISE    ,  Mainzer et al. 2014  ApJ  792  30 
 8.817e+13, 3.516e-12, 8.750e-14,  59796.6016,  59796.6016,  ,NEOWISE    ,  Mainzer et al. 2014  ApJ  792  30 
 6.517e+13, 4.152e-12, 9.950e-14,  59796.6016,  59796.6016,  ,NEOWISE    ,  Mainzer et al. 2014  ApJ  792  30 
 8.817e+13, 3.621e-12, 7.700e-14,  59796.7969,  59796.7969,  ,NEOWISE    ,  Mainzer et al. 2014  ApJ  792  30 
 6.517e+13, 4.148e-12, 9.950e-14,  59796.7969,  59796.7969,  ,NEOWISE    ,  Mainzer et al. 2014  ApJ  792  30 
 8.817e+13, 3.635e-12, 7.700e-14,  59796.8633,  59796.8633,  ,NEOWISE    ,  Mainzer et al. 2014  ApJ  792  30 
 6.517e+13, 4.061e-12, 9.000e-14,  59796.8633,  59796.8633,  ,NEOWISE    ,  Mainzer et al. 2014  ApJ  792  30 
 8.817e+13, 3.628e-12, 1.035e-13,  59797.1875,  59797.1875,  ,NEOWISE    ,  Mainzer et al. 2014  ApJ  792  30 
 6.517e+13, 4.133e-12, 9.500e-14,  59797.1875,  59797.1875,  ,NEOWISE    ,  Mainzer et al. 2014  ApJ  792  30 
 8.817e+13, 6.026e-12, 1.225e-13,  58493.4648,  58493.4648,  ,NEOWISE    ,  Mainzer et al. 2014  ApJ  792  30 
 6.517e+13, 6.697e-12, 1.235e-13,  58493.4648,  58493.4648,  ,NEOWISE    ,  Mainzer et al. 2014  ApJ  792  30 
 8.817e+13, 6.305e-12, 1.450e-13,  58493.5938,  58493.5938,  ,NEOWISE    ,  Mainzer et al. 2014  ApJ  792  30 
 6.517e+13, 6.703e-12, 1.360e-13,  58493.5938,  58493.5938,  ,NEOWISE    ,  Mainzer et al. 2014  ApJ  792  30 
 8.817e+13, 5.666e-12, 9.950e-14,  58493.7930,  58493.7930,  ,NEOWISE    ,  Mainzer et al. 2014  ApJ  792  30 
 6.517e+13, 6.267e-12, 1.210e-13,  58493.7930,  58493.7930,  ,NEOWISE    ,  Mainzer et al. 2014  ApJ  792  30 
 8.817e+13, 6.010e-12, 1.105e-13,  58493.9883,  58493.9883,  ,NEOWISE    ,  Mainzer et al. 2014  ApJ  792  30 
 6.517e+13, 6.313e-12, 1.105e-13,  58493.9883,  58493.9883,  ,NEOWISE    ,  Mainzer et al. 2014  ApJ  792  30 
 8.817e+13, 5.697e-12, 1.100e-13,  58493.3984,  58493.3984,  ,NEOWISE    ,  Mainzer et al. 2014  ApJ  792  30 
 6.517e+13, 6.419e-12, 1.180e-13,  58493.3984,  58493.3984,  ,NEOWISE    ,  Mainzer et al. 2014  ApJ  792  30 
 8.817e+13, 5.857e-12, 1.350e-13,  58493.5938,  58493.5938,  ,NEOWISE    ,  Mainzer et al. 2014  ApJ  792  30 
 6.517e+13, 6.284e-12, 1.215e-13,  58493.5938,  58493.5938,  ,NEOWISE    ,  Mainzer et al. 2014  ApJ  792  30 
 8.817e+13, 5.960e-12, 1.040e-13,  58493.6602,  58493.6602,  ,NEOWISE    ,  Mainzer et al. 2014  ApJ  792  30 
 6.517e+13, 6.354e-12, 1.345e-13,  58493.6602,  58493.6602,  ,NEOWISE    ,  Mainzer et al. 2014  ApJ  792  30 
 8.817e+13, 5.506e-12, 9.600e-14,  58494.2500,  58494.2500,  ,NEOWISE    ,  Mainzer et al. 2014  ApJ  792  30 
 6.517e+13, 6.181e-12, 1.200e-13,  58494.2500,  58494.2500,  ,NEOWISE    ,  Mainzer et al. 2014  ApJ  792  30 
 8.817e+13, 5.120e-12, 1.130e-13,  58131.6445,  58131.6445,  ,NEOWISE    ,  Mainzer et al. 2014  ApJ  792  30 
 6.517e+13, 6.232e-12, 1.205e-13,  58131.6445,  58131.6445,  ,NEOWISE    ,  Mainzer et al. 2014  ApJ  792  30 
 8.817e+13, 5.120e-12, 1.040e-13,  58131.7773,  58131.7773,  ,NEOWISE    ,  Mainzer et al. 2014  ApJ  792  30 
 6.517e+13, 5.886e-12, 1.085e-13,  58131.7773,  58131.7773,  ,NEOWISE    ,  Mainzer et al. 2014  ApJ  792  30 
 8.817e+13, 5.026e-12, 9.750e-14,  58131.9727,  58131.9727,  ,NEOWISE    ,  Mainzer et al. 2014  ApJ  792  30 
 6.517e+13, 6.401e-12, 1.355e-13,  58131.9727,  58131.9727,  ,NEOWISE    ,  Mainzer et al. 2014  ApJ  792  30 
 8.817e+13, 4.962e-12, 9.150e-14,  58132.3672,  58132.3672,  ,NEOWISE    ,  Mainzer et al. 2014  ApJ  792  30 
 6.517e+13, 6.158e-12, 1.190e-13,  58132.3672,  58132.3672,  ,NEOWISE    ,  Mainzer et al. 2014  ApJ  792  30 
 8.817e+13, 4.135e-12, 8.000e-14,  58132.3008,  58132.3008,  ,NEOWISE    ,  Mainzer et al. 2014  ApJ  792  30 
 6.517e+13, 5.024e-12, 1.065e-13,  58132.3008,  58132.3008,  ,NEOWISE    ,  Mainzer et al. 2014  ApJ  792  30 
 8.817e+13, 1.404e-11, 2.300e-13,  57241.5547,  57241.5547,  ,NEOWISE    ,  Mainzer et al. 2014  ApJ  792  30 
 6.517e+13, 1.603e-11, 2.250e-13,  57241.5547,  57241.5547,  ,NEOWISE    ,  Mainzer et al. 2014  ApJ  792  30 
 8.817e+13, 1.486e-11, 2.750e-13,  57241.6875,  57241.6875,  ,NEOWISE    ,  Mainzer et al. 2014  ApJ  792  30 
 6.517e+13, 1.627e-11, 2.550e-13,  57241.6875,  57241.6875,  ,NEOWISE    ,  Mainzer et al. 2014  ApJ  792  30 
 8.817e+13, 2.086e-11, 2.900e-13,  57242.0156,  57242.0156,  ,NEOWISE    ,  Mainzer et al. 2014  ApJ  792  30 
 6.517e+13, 1.510e-11, 2.650e-13,  57242.0156,  57242.0156,  ,NEOWISE    ,  Mainzer et al. 2014  ApJ  792  30 
 8.817e+13, 1.464e-11, 2.250e-13,  57241.7500,  57241.7500,  ,NEOWISE    ,  Mainzer et al. 2014  ApJ  792  30 
 6.517e+13, 1.645e-11, 2.550e-13,  57241.7500,  57241.7500,  ,NEOWISE    ,  Mainzer et al. 2014  ApJ  792  30 
 8.817e+13, 1.538e-11, 2.400e-13,  57241.4258,  57241.4258,  ,NEOWISE    ,  Mainzer et al. 2014  ApJ  792  30 
 6.517e+13, 1.553e-11, 2.300e-13,  57241.4258,  57241.4258,  ,NEOWISE    ,  Mainzer et al. 2014  ApJ  792  30 
 8.817e+13, 1.447e-11, 2.300e-13,  57241.8828,  57241.8828,  ,NEOWISE    ,  Mainzer et al. 2014  ApJ  792  30 
 6.517e+13, 1.540e-11, 2.300e-13,  57241.8828,  57241.8828,  ,NEOWISE    ,  Mainzer et al. 2014  ApJ  792  30 
 8.817e+13, 1.507e-11, 2.400e-13,  57241.6211,  57241.6211,  ,NEOWISE    ,  Mainzer et al. 2014  ApJ  792  30 
 6.517e+13, 1.682e-11, 2.800e-13,  57241.6211,  57241.6211,  ,NEOWISE    ,  Mainzer et al. 2014  ApJ  792  30 
 8.817e+13, 1.496e-11, 2.100e-13,  57241.4883,  57241.4883,  ,NEOWISE    ,  Mainzer et al. 2014  ApJ  792  30 
 6.517e+13, 1.629e-11, 2.400e-13,  57241.4883,  57241.4883,  ,NEOWISE    ,  Mainzer et al. 2014  ApJ  792  30 
 8.817e+13, 1.525e-11, 2.100e-13,  57241.3594,  57241.3594,  ,NEOWISE    ,  Mainzer et al. 2014  ApJ  792  30 
 6.517e+13, 1.657e-11, 2.150e-13,  57241.3594,  57241.3594,  ,NEOWISE    ,  Mainzer et al. 2014  ApJ  792  30 
 8.817e+13, 1.406e-11, 2.450e-13,  57242.1445,  57242.1445,  ,NEOWISE    ,  Mainzer et al. 2014  ApJ  792  30 
 6.517e+13, 1.537e-11, 2.300e-13,  57242.1445,  57242.1445,  ,NEOWISE    ,  Mainzer et al. 2014  ApJ  792  30 
 8.817e+13, 1.556e-11, 3.050e-13,  57241.6875,  57241.6875,  ,NEOWISE    ,  Mainzer et al. 2014  ApJ  792  30 
 6.517e+13, 1.691e-11, 2.950e-13,  57241.6875,  57241.6875,  ,NEOWISE    ,  Mainzer et al. 2014  ApJ  792  30 
 8.817e+13, 3.128e-12, 6.900e-14,  57605.8398,  57605.8398,  ,NEOWISE    ,  Mainzer et al. 2014  ApJ  792  30 
 6.517e+13, 3.400e-12, 9.100e-14,  57605.8398,  57605.8398,  ,NEOWISE    ,  Mainzer et al. 2014  ApJ  792  30 
 8.817e+13, 3.018e-12, 7.750e-14,  57605.9062,  57605.9062,  ,NEOWISE    ,  Mainzer et al. 2014  ApJ  792  30 
 6.517e+13, 3.463e-12, 8.900e-14,  57605.9062,  57605.9062,  ,NEOWISE    ,  Mainzer et al. 2014  ApJ  792  30 
 8.817e+13, 3.336e-12, 7.700e-14,  57606.2305,  57606.2305,  ,NEOWISE    ,  Mainzer et al. 2014  ApJ  792  30 
 6.517e+13, 3.580e-12, 8.550e-14,  57606.2305,  57606.2305,  ,NEOWISE    ,  Mainzer et al. 2014  ApJ  792  30 
 8.817e+13, 3.189e-12, 7.600e-14,  57605.6406,  57605.6406,  ,NEOWISE    ,  Mainzer et al. 2014  ApJ  792  30 
 6.517e+13, 3.603e-12, 9.000e-14,  57605.6406,  57605.6406,  ,NEOWISE    ,  Mainzer et al. 2014  ApJ  792  30 
 8.817e+13, 3.395e-12, 7.200e-14,  57604.9883,  57604.9883,  ,NEOWISE    ,  Mainzer et al. 2014  ApJ  792  30 
 6.517e+13, 3.694e-12, 8.150e-14,  57604.9883,  57604.9883,  ,NEOWISE    ,  Mainzer et al. 2014  ApJ  792  30 
 8.817e+13, 3.358e-12, 7.450e-14,  57605.1172,  57605.1172,  ,NEOWISE    ,  Mainzer et al. 2014  ApJ  792  30 
 6.517e+13, 3.694e-12, 8.150e-14,  57605.1172,  57605.1172,  ,NEOWISE    ,  Mainzer et al. 2014  ApJ  792  30 
 8.817e+13, 3.216e-12, 8.000e-14,  57605.2500,  57605.2500,  ,NEOWISE    ,  Mainzer et al. 2014  ApJ  792  30 
 6.517e+13, 3.606e-12, 8.650e-14,  57605.2500,  57605.2500,  ,NEOWISE    ,  Mainzer et al. 2014  ApJ  792  30 
 8.817e+13, 3.380e-12, 6.850e-14,  57605.4453,  57605.4453,  ,NEOWISE    ,  Mainzer et al. 2014  ApJ  792  30 
 6.517e+13, 3.850e-12, 8.150e-14,  57605.4453,  57605.4453,  ,NEOWISE    ,  Mainzer et al. 2014  ApJ  792  30 
 8.817e+13, 3.303e-12, 1.250e-13,  57605.7734,  57605.7734,  ,NEOWISE    ,  Mainzer et al. 2014  ApJ  792  30 
 6.517e+13, 3.463e-12, 8.300e-14,  57605.7734,  57605.7734,  ,NEOWISE    ,  Mainzer et al. 2014  ApJ  792  30 
 8.817e+13, 3.166e-12, 8.150e-14,  57605.9062,  57605.9062,  ,NEOWISE    ,  Mainzer et al. 2014  ApJ  792  30 
 6.517e+13, 3.626e-12, 1.070e-13,  57605.9062,  57605.9062,  ,NEOWISE    ,  Mainzer et al. 2014  ApJ  792  30 
 8.817e+13, 2.987e-12, 8.800e-14,  57605.9688,  57605.9688,  ,NEOWISE    ,  Mainzer et al. 2014  ApJ  792  30 
 6.517e+13, 3.479e-12, 9.000e-14,  57605.9688,  57605.9688,  ,NEOWISE    ,  Mainzer et al. 2014  ApJ  792  30 
 8.817e+13, 3.148e-12, 7.800e-14,  57605.3789,  57605.3789,  ,NEOWISE    ,  Mainzer et al. 2014  ApJ  792  30 
 6.517e+13, 3.576e-12, 8.550e-14,  57605.3789,  57605.3789,  ,NEOWISE    ,  Mainzer et al. 2014  ApJ  792  30 
 8.817e+13, 3.284e-12, 8.150e-14,  57605.5117,  57605.5117,  ,NEOWISE    ,  Mainzer et al. 2014  ApJ  792  30 
 6.517e+13, 3.406e-12, 8.800e-14,  57605.5117,  57605.5117,  ,NEOWISE    ,  Mainzer et al. 2014  ApJ  792  30 
 8.817e+13, 3.358e-12, 7.150e-14,  57605.5781,  57605.5781,  ,NEOWISE    ,  Mainzer et al. 2014  ApJ  792  30 
 6.517e+13, 3.656e-12, 7.750e-14,  57605.5781,  57605.5781,  ,NEOWISE    ,  Mainzer et al. 2014  ApJ  792  30 
 8.817e+13, 3.306e-12, 7.000e-14,  57605.7070,  57605.7070,  ,NEOWISE    ,  Mainzer et al. 2014  ApJ  792  30 
 6.517e+13, 3.694e-12, 8.500e-14,  57605.7070,  57605.7070,  ,NEOWISE    ,  Mainzer et al. 2014  ApJ  792  30 
 8.817e+13, 3.266e-12, 8.150e-14,  57605.7734,  57605.7734,  ,NEOWISE    ,  Mainzer et al. 2014  ApJ  792  30 
 6.517e+13, 3.362e-12, 8.950e-14,  57605.7734,  57605.7734,  ,NEOWISE    ,  Mainzer et al. 2014  ApJ  792  30 
 8.817e+13, 3.210e-12, 8.250e-14,  57606.1016,  57606.1016,  ,NEOWISE    ,  Mainzer et al. 2014  ApJ  792  30 
 6.517e+13, 3.606e-12, 8.000e-14,  57606.1016,  57606.1016,  ,NEOWISE    ,  Mainzer et al. 2014  ApJ  792  30 
 8.817e+13, 2.689e-11, 3.700e-13,  57410.8750,  57410.8750,  ,NEOWISE    ,  Mainzer et al. 2014  ApJ  792  30 
 6.517e+13, 2.961e-11, 4.100e-13,  57410.8750,  57410.8750,  ,NEOWISE    ,  Mainzer et al. 2014  ApJ  792  30 
 8.817e+13, 2.662e-11, 3.650e-13,  57411.2656,  57411.2656,  ,NEOWISE    ,  Mainzer et al. 2014  ApJ  792  30 
 6.517e+13, 2.902e-11, 3.700e-13,  57411.2656,  57411.2656,  ,NEOWISE    ,  Mainzer et al. 2014  ApJ  792  30 
 8.817e+13, 2.752e-11, 4.050e-13,  57411.0039,  57411.0039,  ,NEOWISE    ,  Mainzer et al. 2014  ApJ  792  30 
 6.517e+13, 2.888e-11, 3.450e-13,  57411.0039,  57411.0039,  ,NEOWISE    ,  Mainzer et al. 2014  ApJ  792  30 
 8.817e+13, 2.538e-11, 4.000e-13,  57410.1523,  57410.1523,  ,NEOWISE    ,  Mainzer et al. 2014  ApJ  792  30 
 6.517e+13, 2.896e-11, 4.000e-13,  57410.1523,  57410.1523,  ,NEOWISE    ,  Mainzer et al. 2014  ApJ  792  30 
 8.817e+13, 4.627e-11, 6.000e-13,  57410.4141,  57410.4141,  ,NEOWISE    ,  Mainzer et al. 2014  ApJ  792  30 
 6.517e+13, 2.934e-11, 4.050e-13,  57410.4141,  57410.4141,  ,NEOWISE    ,  Mainzer et al. 2014  ApJ  792  30 
 8.817e+13, 2.276e-11, 2.950e-13,  57410.5469,  57410.5469,  ,NEOWISE    ,  Mainzer et al. 2014  ApJ  792  30 
 6.517e+13, 2.532e-11, 3.750e-13,  57410.5469,  57410.5469,  ,NEOWISE    ,  Mainzer et al. 2014  ApJ  792  30 
 8.817e+13, 2.906e-11, 4.800e-13,  57410.2852,  57410.2852,  ,NEOWISE    ,  Mainzer et al. 2014  ApJ  792  30 
 6.517e+13, 2.969e-11, 3.850e-13,  57410.2852,  57410.2852,  ,NEOWISE    ,  Mainzer et al. 2014  ApJ  792  30 
 8.817e+13, 2.783e-11, 5.100e-13,  57410.6094,  57410.6094,  ,NEOWISE    ,  Mainzer et al. 2014  ApJ  792  30 
 6.517e+13, 2.910e-11, 4.000e-13,  57410.6094,  57410.6094,  ,NEOWISE    ,  Mainzer et al. 2014  ApJ  792  30 
 8.817e+13, 2.801e-11, 5.150e-13,  57410.6133,  57410.6133,  ,NEOWISE    ,  Mainzer et al. 2014  ApJ  792  30 
 6.517e+13, 3.033e-11, 5.300e-13,  57410.6133,  57410.6133,  ,NEOWISE    ,  Mainzer et al. 2014  ApJ  792  30 
 8.817e+13, 2.677e-11, 3.700e-13,  57410.8086,  57410.8086,  ,NEOWISE    ,  Mainzer et al. 2014  ApJ  792  30 
 6.517e+13, 2.926e-11, 3.800e-13,  57410.8086,  57410.8086,  ,NEOWISE    ,  Mainzer et al. 2014  ApJ  792  30 
 8.817e+13, 2.692e-11, 4.450e-13,  57411.0039,  57411.0039,  ,NEOWISE    ,  Mainzer et al. 2014  ApJ  792  30 
 6.517e+13, 2.961e-11, 4.100e-13,  57411.0039,  57411.0039,  ,NEOWISE    ,  Mainzer et al. 2014  ApJ  792  30 
 8.817e+13, 2.670e-11, 3.900e-13,  57411.1367,  57411.1367,  ,NEOWISE    ,  Mainzer et al. 2014  ApJ  792  30 
 6.517e+13, 2.904e-11, 3.450e-13,  57411.1367,  57411.1367,  ,NEOWISE    ,  Mainzer et al. 2014  ApJ  792  30 
 8.817e+13, 2.415e-11, 3.300e-13,  57410.9375,  57410.9375,  ,NEOWISE    ,  Mainzer et al. 2014  ApJ  792  30 
 6.517e+13, 2.617e-11, 3.350e-13,  57410.9375,  57410.9375,  ,NEOWISE    ,  Mainzer et al. 2014  ApJ  792  30 
 8.817e+13, 2.665e-11, 4.200e-13,  57410.6758,  57410.6758,  ,NEOWISE    ,  Mainzer et al. 2014  ApJ  792  30 
 6.517e+13, 2.972e-11, 4.100e-13,  57410.6758,  57410.6758,  ,NEOWISE    ,  Mainzer et al. 2014  ApJ  792  30 
 8.817e+13, 2.168e-11, 3.800e-13,  57410.7422,  57410.7422,  ,NEOWISE    ,  Mainzer et al. 2014  ApJ  792  30 
 6.517e+13, 2.586e-11, 3.550e-13,  57410.7422,  57410.7422,  ,NEOWISE    ,  Mainzer et al. 2014  ApJ  792  30 
 8.817e+13, 9.420e-12, 1.475e-13,  55588.8320,  55588.8320,  ,WISEME    ,  Wright et al. 2010  AJ  140  1868 
 6.517e+13, 1.096e-11, 1.200e-13,  55588.8320,  55588.8320,  ,WISEME    ,  Wright et al. 2010  AJ  140  1868 
 8.817e+13, 8.242e-12, 1.290e-13,  55588.6992,  55588.6992,  ,WISEME    ,  Wright et al. 2010  AJ  140  1868 
 6.517e+13, 9.814e-12, 1.715e-13,  55588.6992,  55588.6992,  ,WISEME    ,  Wright et al. 2010  AJ  140  1868 
 8.817e+13, 9.038e-12, 1.245e-13,  55589.0312,  55589.0312,  ,WISEME    ,  Wright et al. 2010  AJ  140  1868 
 6.517e+13, 1.027e-11, 1.300e-13,  55589.0312,  55589.0312,  ,WISEME    ,  Wright et al. 2010  AJ  140  1868 
 8.817e+13, 8.189e-12, 1.660e-13,  55589.1641,  55589.1641,  ,WISEME    ,  Wright et al. 2010  AJ  140  1868 
 6.517e+13, 1.031e-11, 1.650e-13,  55589.1641,  55589.1641,  ,WISEME    ,  Wright et al. 2010  AJ  140  1868 
 8.817e+13, 9.240e-12, 1.530e-13,  55589.2305,  55589.2305,  ,WISEME    ,  Wright et al. 2010  AJ  140  1868 
 6.517e+13, 9.914e-12, 1.265e-13,  55589.2305,  55589.2305,  ,WISEME    ,  Wright et al. 2010  AJ  140  1868 
 8.817e+13, 9.104e-12, 1.345e-13,  55589.2305,  55589.2305,  ,WISEME    ,  Wright et al. 2010  AJ  140  1868 
 6.517e+13, 9.823e-12, 1.450e-13,  55589.2305,  55589.2305,  ,WISEME    ,  Wright et al. 2010  AJ  140  1868 
 8.817e+13, 7.981e-12, 1.250e-13,  55589.2969,  55589.2969,  ,WISEME    ,  Wright et al. 2010  AJ  140  1868 
 6.517e+13, 1.030e-11, 1.250e-13,  55589.2969,  55589.2969,  ,WISEME    ,  Wright et al. 2010  AJ  140  1868 
 8.817e+13, 9.231e-12, 1.190e-13,  55589.3633,  55589.3633,  ,WISEME    ,  Wright et al. 2010  AJ  140  1868 
 6.517e+13, 1.043e-11, 1.300e-13,  55589.3633,  55589.3633,  ,WISEME    ,  Wright et al. 2010  AJ  140  1868 
 8.817e+13, 9.472e-12, 1.310e-13,  55589.4922,  55589.4922,  ,WISEME    ,  Wright et al. 2010  AJ  140  1868 
 6.517e+13, 1.055e-11, 1.250e-13,  55589.4922,  55589.4922,  ,WISEME    ,  Wright et al. 2010  AJ  140  1868 
 8.817e+13, 9.334e-12, 1.205e-13,  55589.5586,  55589.5586,  ,WISEME    ,  Wright et al. 2010  AJ  140  1868 
 6.517e+13, 1.032e-11, 1.350e-13,  55589.5586,  55589.5586,  ,WISEME    ,  Wright et al. 2010  AJ  140  1868 
 8.817e+13, 9.534e-12, 1.230e-13,  55589.6914,  55589.6914,  ,WISEME    ,  Wright et al. 2010  AJ  140  1868 
 6.517e+13, 1.120e-11, 1.450e-13,  55589.6914,  55589.6914,  ,WISEME    ,  Wright et al. 2010  AJ  140  1868 
 8.817e+13, 9.542e-12, 1.230e-13,  55589.8242,  55589.8242,  ,WISEME    ,  Wright et al. 2010  AJ  140  1868 
 6.517e+13, 1.049e-11, 1.250e-13,  55589.8242,  55589.8242,  ,WISEME    ,  Wright et al. 2010  AJ  140  1868 
 8.817e+13, 1.444e-12, 1.265e-13,  55414.7148,  55414.7148,  ,WISEME    ,  Wright et al. 2010  AJ  140  1868 
 6.517e+13, 1.814e-12, 1.050e-13,  55414.7148,  55414.7148,  ,WISEME    ,  Wright et al. 2010  AJ  140  1868 
 8.817e+13, 1.649e-12, 9.600e-14,  55414.7812,  55414.7812,  ,WISEME    ,  Wright et al. 2010  AJ  140  1868 
 6.517e+13, 1.922e-12, 1.085e-13,  55414.7812,  55414.7812,  ,WISEME    ,  Wright et al. 2010  AJ  140  1868 
 8.817e+13, 1.674e-12, 1.190e-13,  55414.8477,  55414.8477,  ,WISEME    ,  Wright et al. 2010  AJ  140  1868 
 6.517e+13, 1.872e-12, 1.365e-13,  55414.8477,  55414.8477,  ,WISEME    ,  Wright et al. 2010  AJ  140  1868 
 8.817e+13, 1.464e-12, 8.900e-14,  55414.9141,  55414.9141,  ,WISEME    ,  Wright et al. 2010  AJ  140  1868 
 6.517e+13, 1.903e-12, 1.140e-13,  55414.9141,  55414.9141,  ,WISEME    ,  Wright et al. 2010  AJ  140  1868 
 8.817e+13, 1.533e-12, 9.900e-14,  55415.0469,  55415.0469,  ,WISEME    ,  Wright et al. 2010  AJ  140  1868 
 6.517e+13, 1.718e-12, 1.125e-13,  55415.0469,  55415.0469,  ,WISEME    ,  Wright et al. 2010  AJ  140  1868 
 8.817e+13, 1.536e-12, 1.175e-13,  55415.1758,  55415.1758,  ,WISEME    ,  Wright et al. 2010  AJ  140  1868 
 6.517e+13, 1.812e-12, 1.440e-13,  55415.1758,  55415.1758,  ,WISEME    ,  Wright et al. 2010  AJ  140  1868 
 8.817e+13, 1.352e-12, 1.010e-13,  55415.3086,  55415.3086,  ,WISEME    ,  Wright et al. 2010  AJ  140  1868 
 6.517e+13, 1.779e-12, 1.150e-13,  55415.3086,  55415.3086,  ,WISEME    ,  Wright et al. 2010  AJ  140  1868 
 8.817e+13, 9.138e-12, 1.260e-13,  55588.5664,  55588.5664,  ,WISEME    ,  Wright et al. 2010  AJ  140  1868 
 6.517e+13, 1.043e-11, 1.300e-13,  55588.5664,  55588.5664,  ,WISEME    ,  Wright et al. 2010  AJ  140  1868 
 8.817e+13, 8.905e-12, 1.230e-13,  55588.9648,  55588.9648,  ,WISEME    ,  Wright et al. 2010  AJ  140  1868 
 6.517e+13, 9.814e-12, 1.535e-13,  55588.9648,  55588.9648,  ,WISEME    ,  Wright et al. 2010  AJ  140  1868 
 8.817e+13, 2.821e-12, 1.065e-13,  55224.6992,  55224.6992,  ,WISEME    ,  Wright et al. 2010  AJ  140  1868 
 6.517e+13, 3.241e-12, 1.105e-13,  55224.6992,  55224.6992,  ,WISEME    ,  Wright et al. 2010  AJ  140  1868 
 2.498e+13, 3.674e-12, 1.355e-13,  55224.6992,  55224.6992,  ,WISEME    ,  Wright et al. 2010  AJ  140  1868 
 1.363e+13, 5.105e-12, 3.905e-13,  55224.6992,  55224.6992,  ,WISEME    ,  Wright et al. 2010  AJ  140  1868 
 8.817e+13, 2.760e-12, 1.195e-13,  55224.6328,  55224.6328,  ,WISEME    ,  Wright et al. 2010  AJ  140  1868 
 6.517e+13, 3.138e-12, 1.390e-13,  55224.6328,  55224.6328,  ,WISEME    ,  Wright et al. 2010  AJ  140  1868 
 2.498e+13, 3.886e-12, 1.395e-13,  55224.6328,  55224.6328,  ,WISEME    ,  Wright et al. 2010  AJ  140  1868 
 1.363e+13, 5.515e-12, 4.625e-13,  55224.6328,  55224.6328,  ,WISEME    ,  Wright et al. 2010  AJ  140  1868 
 8.817e+13, 2.855e-12, 1.135e-13,  55224.8320,  55224.8320,  ,WISEME    ,  Wright et al. 2010  AJ  140  1868 
 6.517e+13, 3.211e-12, 1.095e-13,  55224.8320,  55224.8320,  ,WISEME    ,  Wright et al. 2010  AJ  140  1868 
 2.498e+13, 3.597e-12, 1.525e-13,  55224.8320,  55224.8320,  ,WISEME    ,  Wright et al. 2010  AJ  140  1868 
 1.363e+13, 4.998e-12, 4.100e-13,  55224.8320,  55224.8320,  ,WISEME    ,  Wright et al. 2010  AJ  140  1868 
 8.817e+13, 3.006e-12, 1.025e-13,  55224.8984,  55224.8984,  ,WISEME    ,  Wright et al. 2010  AJ  140  1868 
 6.517e+13, 3.268e-12, 1.235e-13,  55224.8984,  55224.8984,  ,WISEME    ,  Wright et al. 2010  AJ  140  1868 
 2.498e+13, 3.551e-12, 1.440e-13,  55224.8984,  55224.8984,  ,WISEME    ,  Wright et al. 2010  AJ  140  1868 
 1.363e+13, 5.424e-12, 4.950e-13,  55224.8984,  55224.8984,  ,WISEME    ,  Wright et al. 2010  AJ  140  1868 
 8.817e+13, 2.933e-12, 1.025e-13,  55224.9648,  55224.9648,  ,WISEME    ,  Wright et al. 2010  AJ  140  1868 
 6.517e+13, 3.086e-12, 1.020e-13,  55224.9648,  55224.9648,  ,WISEME    ,  Wright et al. 2010  AJ  140  1868 
 2.498e+13, 3.538e-12, 1.305e-13,  55224.9648,  55224.9648,  ,WISEME    ,  Wright et al. 2010  AJ  140  1868 
 1.363e+13, 4.651e-12, 4.290e-13,  55224.9648,  55224.9648,  ,WISEME    ,  Wright et al. 2010  AJ  140  1868 
 8.817e+13, 2.884e-12, 9.600e-14,  55225.0312,  55225.0312,  ,WISEME    ,  Wright et al. 2010  AJ  140  1868 
 6.517e+13, 3.199e-12, 1.175e-13,  55225.0312,  55225.0312,  ,WISEME    ,  Wright et al. 2010  AJ  140  1868 
 2.498e+13, 3.159e-12, 1.340e-13,  55225.0312,  55225.0312,  ,WISEME    ,  Wright et al. 2010  AJ  140  1868 
 1.363e+13, 4.421e-12, 3.795e-13,  55225.0312,  55225.0312,  ,WISEME    ,  Wright et al. 2010  AJ  140  1868 
 8.817e+13, 2.722e-12, 1.030e-13,  55225.0977,  55225.0977,  ,WISEME    ,  Wright et al. 2010  AJ  140  1868 
 6.517e+13, 2.967e-12, 1.315e-13,  55225.0977,  55225.0977,  ,WISEME    ,  Wright et al. 2010  AJ  140  1868 
 2.498e+13, 3.657e-12, 1.210e-13,  55225.0977,  55225.0977,  ,WISEME    ,  Wright et al. 2010  AJ  140  1868 
 1.363e+13, 5.157e-12, 4.090e-13,  55225.0977,  55225.0977,  ,WISEME    ,  Wright et al. 2010  AJ  140  1868 
 8.817e+13, 2.704e-12, 9.200e-14,  55225.2305,  55225.2305,  ,WISEME    ,  Wright et al. 2010  AJ  140  1868 
 6.517e+13, 3.235e-12, 1.190e-13,  55225.2305,  55225.2305,  ,WISEME    ,  Wright et al. 2010  AJ  140  1868 
 2.498e+13, 3.348e-12, 1.355e-13,  55225.2305,  55225.2305,  ,WISEME    ,  Wright et al. 2010  AJ  140  1868 
 1.363e+13, 4.153e-12, 4.560e-13,  55225.2305,  55225.2305,  ,WISEME    ,  Wright et al. 2010  AJ  140  1868 
 8.817e+13, 2.626e-12, 9.650e-14,  55225.3633,  55225.3633,  ,WISEME    ,  Wright et al. 2010  AJ  140  1868 
 6.517e+13, 3.078e-12, 1.075e-13,  55225.3633,  55225.3633,  ,WISEME    ,  Wright et al. 2010  AJ  140  1868 
 2.498e+13, 3.153e-12, 1.365e-13,  55225.3633,  55225.3633,  ,WISEME    ,  Wright et al. 2010  AJ  140  1868 
 1.363e+13, 4.168e-12, 3.805e-13,  55225.3633,  55225.3633,  ,WISEME    ,  Wright et al. 2010  AJ  140  1868 
 8.817e+13, 2.446e-12, 1.260e-13,  55225.4961,  55225.4961,  ,WISEME    ,  Wright et al. 2010  AJ  140  1868 
 6.517e+13, 2.743e-12, 1.165e-13,  55225.4961,  55225.4961,  ,WISEME    ,  Wright et al. 2010  AJ  140  1868 
 2.498e+13, 3.376e-12, 1.400e-13,  55225.4961,  55225.4961,  ,WISEME    ,  Wright et al. 2010  AJ  140  1868 
 1.363e+13, 3.732e-12, 4.515e-13,  55225.4961,  55225.4961,  ,WISEME    ,  Wright et al. 2010  AJ  140  1868 
 8.817e+13, 1.603e-12, 1.020e-13,  55413.9219,  55413.9219,  ,WISEME    ,  Wright et al. 2010  AJ  140  1868 
 6.517e+13, 1.822e-12, 9.900e-14,  55413.9219,  55413.9219,  ,WISEME    ,  Wright et al. 2010  AJ  140  1868 
 2.498e+13, 2.878e-12, 1.460e-13,  55413.9219,  55413.9219,  ,WISEME    ,  Wright et al. 2010  AJ  140  1868 
 1.363e+13, 5.455e-12, 3.615e-13,  55413.9219,  55413.9219,  ,WISEME    ,  Wright et al. 2010  AJ  140  1868 
 8.817e+13, 1.458e-12, 1.010e-13,  55414.0547,  55414.0547,  ,WISEME    ,  Wright et al. 2010  AJ  140  1868 
 6.517e+13, 1.849e-12, 1.075e-13,  55414.0547,  55414.0547,  ,WISEME    ,  Wright et al. 2010  AJ  140  1868 
 2.498e+13, 2.886e-12, 1.355e-13,  55414.0547,  55414.0547,  ,WISEME    ,  Wright et al. 2010  AJ  140  1868 
 1.363e+13, 3.912e-12, 4.620e-13,  55414.0547,  55414.0547,  ,WISEME    ,  Wright et al. 2010  AJ  140  1868 
 8.817e+13, 1.627e-12, 9.850e-14,  55414.1836,  55414.1836,  ,WISEME    ,  Wright et al. 2010  AJ  140  1868 
 6.517e+13, 1.752e-12, 1.175e-13,  55414.1836,  55414.1836,  ,WISEME    ,  Wright et al. 2010  AJ  140  1868 
 2.498e+13, 2.704e-12, 1.220e-13,  55414.1836,  55414.1836,  ,WISEME    ,  Wright et al. 2010  AJ  140  1868 
 1.363e+13, 4.866e-12, 4.035e-13,  55414.1836,  55414.1836,  ,WISEME    ,  Wright et al. 2010  AJ  140  1868 
 8.817e+13, 1.674e-12, 1.035e-13,  55414.3164,  55414.3164,  ,WISEME    ,  Wright et al. 2010  AJ  140  1868 
 6.517e+13, 1.933e-12, 1.250e-13,  55414.3164,  55414.3164,  ,WISEME    ,  Wright et al. 2010  AJ  140  1868 
 2.498e+13, 3.142e-12, 1.215e-13,  55414.3164,  55414.3164,  ,WISEME    ,  Wright et al. 2010  AJ  140  1868 
 1.363e+13, 5.546e-12, 4.140e-13,  55414.3164,  55414.3164,  ,WISEME    ,  Wright et al. 2010  AJ  140  1868 
 8.817e+13, 1.600e-12, 1.280e-13,  55414.3828,  55414.3828,  ,WISEME    ,  Wright et al. 2010  AJ  140  1868 
 6.517e+13, 1.919e-12, 1.165e-13,  55414.3828,  55414.3828,  ,WISEME    ,  Wright et al. 2010  AJ  140  1868 
 2.498e+13, 3.033e-12, 1.285e-13,  55414.3828,  55414.3828,  ,WISEME    ,  Wright et al. 2010  AJ  140  1868 
 1.363e+13, 5.460e-12, 5.235e-13,  55414.3828,  55414.3828,  ,WISEME    ,  Wright et al. 2010  AJ  140  1868 
 8.817e+13, 1.493e-12, 1.145e-13,  55414.4492,  55414.4492,  ,WISEME    ,  Wright et al. 2010  AJ  140  1868 
 6.517e+13, 1.794e-12, 1.075e-13,  55414.4492,  55414.4492,  ,WISEME    ,  Wright et al. 2010  AJ  140  1868 
 8.817e+13, 1.582e-12, 9.500e-14,  55414.5156,  55414.5156,  ,WISEME    ,  Wright et al. 2010  AJ  140  1868 
 6.517e+13, 2.002e-12, 1.345e-13,  55414.5156,  55414.5156,  ,WISEME    ,  Wright et al. 2010  AJ  140  1868 
 8.817e+13, 1.579e-12, 1.005e-13,  55414.5820,  55414.5820,  ,WISEME    ,  Wright et al. 2010  AJ  140  1868 
 6.517e+13, 1.855e-12, 1.025e-13,  55414.5820,  55414.5820,  ,WISEME    ,  Wright et al. 2010  AJ  140  1868 
 8.817e+13, 1.528e-12, 8.300e-14,  55414.6484,  55414.6484,  ,WISEME    ,  Wright et al. 2010  AJ  140  1868 
 6.517e+13, 1.955e-12, 1.100e-13,  55414.6484,  55414.6484,  ,WISEME    ,  Wright et al. 2010  AJ  140  1868 
 8.817e+13, 3.195e-12, 1.060e-13,  55219.8047,  55219.8047,  ,WISEME    ,  Wright et al. 2010  AJ  140  1868 
 6.517e+13, 3.724e-12, 1.060e-13,  55219.8047,  55219.8047,  ,WISEME    ,  Wright et al. 2010  AJ  140  1868 
 2.498e+13, 4.337e-12, 1.520e-13,  55219.8047,  55219.8047,  ,WISEME    ,  Wright et al. 2010  AJ  140  1868 
 1.363e+13, 6.098e-12, 4.945e-13,  55219.8047,  55219.8047,  ,WISEME    ,  Wright et al. 2010  AJ  140  1868 
 8.817e+13, 2.976e-12, 1.040e-13,  55224.2383,  55224.2383,  ,WISEME    ,  Wright et al. 2010  AJ  140  1868 
 6.517e+13, 3.196e-12, 1.560e-13,  55224.2383,  55224.2383,  ,WISEME    ,  Wright et al. 2010  AJ  140  1868 
 2.498e+13, 3.847e-12, 1.490e-13,  55224.2383,  55224.2383,  ,WISEME    ,  Wright et al. 2010  AJ  140  1868 
 1.363e+13, 6.911e-12, 4.140e-13,  55224.2383,  55224.2383,  ,WISEME    ,  Wright et al. 2010  AJ  140  1868 
 8.817e+13, 3.009e-12, 9.700e-14,  55224.3711,  55224.3711,  ,WISEME    ,  Wright et al. 2010  AJ  140  1868 
 6.517e+13, 3.280e-12, 1.120e-13,  55224.3711,  55224.3711,  ,WISEME    ,  Wright et al. 2010  AJ  140  1868 
 2.498e+13, 5.459e-12, 1.360e-13,  55224.3711,  55224.3711,  ,WISEME    ,  Wright et al. 2010  AJ  140  1868 
 1.363e+13, 5.209e-12, 4.420e-13,  55224.3711,  55224.3711,  ,WISEME    ,  Wright et al. 2010  AJ  140  1868 
 8.817e+13, 2.832e-12, 9.150e-14,  55224.5039,  55224.5039,  ,WISEME    ,  Wright et al. 2010  AJ  140  1868 
 6.517e+13, 3.214e-12, 1.420e-13,  55224.5039,  55224.5039,  ,WISEME    ,  Wright et al. 2010  AJ  140  1868 
 2.498e+13, 3.567e-12, 1.245e-13,  55224.5039,  55224.5039,  ,WISEME    ,  Wright et al. 2010  AJ  140  1868 
 1.363e+13, 5.623e-12, 4.150e-13,  55224.5039,  55224.5039,  ,WISEME    ,  Wright et al. 2010  AJ  140  1868 
 8.817e+13, 2.930e-12, 1.025e-13,  55224.5703,  55224.5703,  ,WISEME    ,  Wright et al. 2010  AJ  140  1868 
 6.517e+13, 3.152e-12, 1.165e-13,  55224.5703,  55224.5703,  ,WISEME    ,  Wright et al. 2010  AJ  140  1868 
 2.498e+13, 3.819e-12, 1.270e-13,  55224.5703,  55224.5703,  ,WISEME    ,  Wright et al. 2010  AJ  140  1868 
 1.363e+13, 5.067e-12, 4.765e-13,  55224.5703,  55224.5703,  ,WISEME    ,  Wright et al. 2010  AJ  140  1868 
 8.817e+13, 2.816e-12, 1.165e-13,  55224.6328,  55224.6328,  ,WISEME    ,  Wright et al. 2010  AJ  140  1868 
 6.517e+13, 3.109e-12, 1.145e-13,  55224.6328,  55224.6328,  ,WISEME    ,  Wright et al. 2010  AJ  140  1868 
 2.498e+13, 3.647e-12, 1.345e-13,  55224.6328,  55224.6328,  ,WISEME    ,  Wright et al. 2010  AJ  140  1868 
 1.363e+13, 4.938e-12, 4.005e-13,  55224.6328,  55224.6328,  ,WISEME    ,  Wright et al. 2010  AJ  140  1868 
 8.817e+13, 2.933e-12, 1.025e-13,  55224.7656,  55224.7656,  ,WISEME    ,  Wright et al. 2010  AJ  140  1868 
 6.517e+13, 3.161e-12, 1.020e-13,  55224.7656,  55224.7656,  ,WISEME    ,  Wright et al. 2010  AJ  140  1868 
 2.498e+13, 3.515e-12, 1.360e-13,  55224.7656,  55224.7656,  ,WISEME    ,  Wright et al. 2010  AJ  140  1868 
 1.363e+13, 4.466e-12, 3.870e-13,  55224.7656,  55224.7656,  ,WISEME    ,  Wright et al. 2010  AJ  140  1868 
 4.455e+14, 3.259e-12, 0.000e+00,  55000.0000,  55000.0000,  ,GAIA    ,  The Gaia Collaboration 2016  A&A  595  A2 
 6.813e+14, 2.918e-12, 1.221e-12,  55000.0000,  55000.0000,  ,HSTGSC    ,  Lasker et al. 2008  AJ  136  735 
 5.451e+14, 4.383e-11, 1.551e-11,  55000.0000,  55000.0000,  ,HSTGSC    ,  Lasker et al. 2008  AJ  136  735 
 6.233e+14, 2.024e-11, 7.000e-14,  55000.0000,  55000.0000,  ,PanSTARRS    ,  Flewelling et al. 2020  ApJS  251  7 
 4.859e+14, 4.413e-12, 1.905e-13,  55000.0000,  55000.0000,  ,PanSTARRS    ,  Flewelling et al. 2020  ApJS  251  7 
 3.987e+14, 4.843e-12, 2.455e-13,  55000.0000,  55000.0000,  ,PanSTARRS    ,  Flewelling et al. 2020  ApJS  251  7 
 3.462e+14, 1.098e-11, 3.650e-13,  55000.0000,  55000.0000,  ,PanSTARRS    ,  Flewelling et al. 2020  ApJS  251  7 
 1.295e+15, 8.497e-11, 3.008e-11,  55000.0000,  55000.0000,  ,GALEX    ,  Morrissey et al. 2007  ApJS  173  682 
 2.418e+17, 3.758e-13, 2.017e-13,  54319.8008,  54319.8008,  ,OUSXB    ,  Giommi et al. 2019  A&A  631  A116 
 1.209e+17, 2.646e-12, 0.000e+00,  54319.8008,  54319.8008,UL,OUSXB     ,  Giommi et al. 2019  A&A  631  A116 
 3.627e+17, 3.914e-13, 2.100e-13,  54319.8008,  54319.8008,  ,OUSXB    ,  Giommi et al. 2019  A&A  631  A116 
 7.253e+17, 4.829e-13, 1.644e-13,  54319.8008,  54319.8008,  ,OUSXB    ,  Giommi et al. 2019  A&A  631  A116 
 1.088e+18, 7.030e-13, 3.238e-13,  54319.8008,  54319.8008,  ,OUSXB    ,  Giommi et al. 2019  A&A  631  A116 
 2.418e+17, 5.775e-13, 1.592e-13,  55599.5000,  55599.8984,  ,OUSXB    ,  Giommi et al. 2019  A&A  631  A116 
 1.209e+17, 5.357e-13, 1.975e-13,  55599.5000,  55599.8984,  ,OUSXB    ,  Giommi et al. 2019  A&A  631  A116 
 3.627e+17, 6.193e-13, 1.209e-13,  55599.5000,  55599.8984,  ,OUSXB    ,  Giommi et al. 2019  A&A  631  A116 
 7.253e+17, 7.912e-13, 1.007e-13,  55599.5000,  55599.8984,  ,OUSXB    ,  Giommi et al. 2019  A&A  631  A116 
 1.088e+18, 9.490e-13, 1.733e-13,  55599.5000,  55599.8984,  ,OUSXB    ,  Giommi et al. 2019  A&A  631  A116 
 2.418e+17, 7.657e-13, 7.440e-14,  54787.1992,  54788.0000,  ,OUSXB    ,  Giommi et al. 2019  A&A  631  A116 
 1.209e+17, 6.549e-13, 9.010e-14,  54787.1992,  54788.0000,  ,OUSXB    ,  Giommi et al. 2019  A&A  631  A116 
 3.627e+17, 8.765e-13, 5.860e-14,  54787.1992,  54788.0000,  ,OUSXB    ,  Giommi et al. 2019  A&A  631  A116 
 7.253e+17, 1.035e-12, 4.625e-14,  54787.1992,  54788.0000,  ,OUSXB    ,  Giommi et al. 2019  A&A  631  A116 
 1.088e+18, 1.206e-12, 7.800e-14,  54787.1992,  54788.0000,  ,OUSXB    ,  Giommi et al. 2019  A&A  631  A116 
 2.418e+17, 5.748e-13, 6.260e-14,  54558.0000,  54560.8008,  ,OUSXB    ,  Giommi et al. 2019  A&A  631  A116 
 1.209e+17, 3.876e-13, 6.670e-14,  54558.0000,  54560.8008,  ,OUSXB    ,  Giommi et al. 2019  A&A  631  A116 
 3.627e+17, 7.619e-13, 5.850e-14,  54558.0000,  54560.8008,  ,OUSXB    ,  Giommi et al. 2019  A&A  631  A116 
 7.253e+17, 1.237e-12, 5.700e-14,  54558.0000,  54560.8008,  ,OUSXB    ,  Giommi et al. 2019  A&A  631  A116 
 1.088e+18, 1.689e-12, 1.060e-13,  54558.0000,  54560.8008,  ,OUSXB    ,  Giommi et al. 2019  A&A  631  A116 
 2.418e+17, 8.333e-13, 3.119e-13,  54416.8008,  54416.8008,  ,OUSXB    ,  Giommi et al. 2019  A&A  631  A116 
 1.209e+17, 1.057e-12, 4.350e-13,  54416.8008,  54416.8008,  ,OUSXB    ,  Giommi et al. 2019  A&A  631  A116 
 3.627e+17, 6.092e-13, 1.891e-13,  54416.8008,  54416.8008,  ,OUSXB    ,  Giommi et al. 2019  A&A  631  A116 
 7.253e+17, 7.789e-13, 1.500e-13,  54416.8008,  54416.8008,  ,OUSXB    ,  Giommi et al. 2019  A&A  631  A116 
 1.088e+18, 6.988e-13, 2.327e-13,  54416.8008,  54416.8008,  ,OUSXB    ,  Giommi et al. 2019  A&A  631  A116 
 2.418e+17, 6.152e-13, 3.113e-13,  54440.8984,  54441.0000,  ,OUSXB    ,  Giommi et al. 2019  A&A  631  A116 
 1.209e+17, 6.181e-13, 3.978e-13,  54440.8984,  54441.0000,  ,OUSXB    ,  Giommi et al. 2019  A&A  631  A116 
 3.627e+17, 6.123e-13, 2.248e-13,  54440.8984,  54441.0000,  ,OUSXB    ,  Giommi et al. 2019  A&A  631  A116 
 7.253e+17, 5.384e-13, 1.480e-13,  54440.8984,  54441.0000,  ,OUSXB    ,  Giommi et al. 2019  A&A  631  A116 
 1.088e+18, 2.715e-13, 1.747e-13,  54440.8984,  54441.0000,  ,OUSXB    ,  Giommi et al. 2019  A&A  631  A116 
 2.418e+17, 1.168e-12, 1.565e-13,  57496.8008,  57499.1992,  ,OUSXB    ,  Giommi et al. 2019  A&A  631  A116 
 1.209e+17, 1.119e-12, 1.998e-13,  57496.8008,  57499.1992,  ,OUSXB    ,  Giommi et al. 2019  A&A  631  A116 
 3.627e+17, 1.217e-12, 1.130e-13,  57496.8008,  57499.1992,  ,OUSXB    ,  Giommi et al. 2019  A&A  631  A116 
 7.253e+17, 1.237e-12, 7.900e-14,  57496.8008,  57499.1992,  ,OUSXB    ,  Giommi et al. 2019  A&A  631  A116 
 1.088e+18, 1.333e-12, 1.330e-13,  57496.8008,  57499.1992,  ,OUSXB    ,  Giommi et al. 2019  A&A  631  A116 
 1.209e+25, 8.344e-13, 1.241e-13,  55000.0000,  55000.0000,  ,3FHL    ,  The Fermi-LAT Collaboration 2017  ApJS  323  18 
 3.627e+24, 3.074e-12, 5.300e-13,  55000.0000,  55000.0000,  ,3FHL    ,  The Fermi-LAT Collaboration 2017  ApJS  323  18 
 8.462e+24, 1.403e-12, 4.350e-13,  55000.0000,  55000.0000,  ,3FHL    ,  The Fermi-LAT Collaboration 2017  ApJS  323  18 
 2.418e+25, 1.073e-12, 0.000e+00,  55000.0000,  55000.0000,UL,3FHL     ,  The Fermi-LAT Collaboration 2017  ApJS  323  18 
 7.253e+25, 6.588e-13, 4.614e-13,  55000.0000,  55000.0000,  ,3FHL    ,  The Fermi-LAT Collaboration 2017  ApJS  323  18 
 2.418e+26, 1.034e-11, 0.000e+00,  55000.0000,  55000.0000,UL,3FHL     ,  The Fermi-LAT Collaboration 2017  ApJS  323  18 
 2.418e+23, 8.303e-12, 2.315e-13,  55000.0000,  55000.0000,  ,4FGL-DR3    ,  The Fermi-LAT Collaboration 2022  arXiv:2201.11184 
 1.813e+22, 8.508e-12, 0.000e+00,  55000.0000,  55000.0000,UL,4FGL-DR3     ,  The Fermi-LAT Collaboration 2022  arXiv:2201.11184 
 4.835e+22, 9.646e-12, 1.937e-12,  55000.0000,  55000.0000,  ,4FGL-DR3    ,  The Fermi-LAT Collaboration 2022  arXiv:2201.11184 
 1.451e+23, 8.530e-12, 5.230e-13,  55000.0000,  55000.0000,  ,4FGL-DR3    ,  The Fermi-LAT Collaboration 2022  arXiv:2201.11184 
 4.835e+23, 7.127e-12, 2.800e-13,  55000.0000,  55000.0000,  ,4FGL-DR3    ,  The Fermi-LAT Collaboration 2022  arXiv:2201.11184 
 1.451e+24, 4.533e-12, 2.635e-13,  55000.0000,  55000.0000,  ,4FGL-DR3    ,  The Fermi-LAT Collaboration 2022  arXiv:2201.11184 
 4.835e+24, 3.010e-12, 3.545e-13,  55000.0000,  55000.0000,  ,4FGL-DR3    ,  The Fermi-LAT Collaboration 2022  arXiv:2201.11184 
 1.451e+25, 1.463e-12, 4.050e-13,  55000.0000,  55000.0000,  ,4FGL-DR3    ,  The Fermi-LAT Collaboration 2022  arXiv:2201.11184 
 1.451e+26, 3.945e-13, 2.774e-13,  55000.0000,  55000.0000,  ,4FGL-DR3    ,  The Fermi-LAT Collaboration 2022  arXiv:2201.11184 
 2.418e+23, 1.669e-10, 0.000e+00,  58588.0000,  58595.0000,UL,FMonLC     ,  Fermi LAT Aperture LC analysis 
 1.451e+23, 7.142e-10, 0.000e+00,  58588.0000,  58595.0000,UL,FMonLC     ,  Fermi LAT Aperture LC analysis 
 2.418e+24, 3.613e-10, 0.000e+00,  58588.0000,  58595.0000,UL,FMonLC     ,  Fermi LAT Aperture LC analysis 
 2.418e+25, 1.877e-10, 0.000e+00,  58588.0000,  58595.0000,UL,FMonLC     ,  Fermi LAT Aperture LC analysis 
 2.418e+23, 2.511e-11, 5.190e-12,  58777.0000,  58784.0000,  ,FMonLC    ,  Fermi LAT Aperture LC analysis 
 1.451e+23, 3.967e-11, 8.745e-12,  58777.0000,  58784.0000,  ,FMonLC    ,  Fermi LAT Aperture LC analysis 
 2.418e+24, 1.859e-11, 9.900e-13,  58777.0000,  58784.0000,  ,FMonLC    ,  Fermi LAT Aperture LC analysis 
 2.418e+25, 9.656e-12, 5.145e-13,  58777.0000,  58784.0000,  ,FMonLC    ,  Fermi LAT Aperture LC analysis 
 2.418e+23, 1.548e-11, 2.750e-12,  58868.0000,  58875.0000,  ,FMonLC    ,  Fermi LAT Aperture LC analysis 
 1.451e+23, 2.260e-11, 6.780e-12,  58868.0000,  58875.0000,  ,FMonLC    ,  Fermi LAT Aperture LC analysis 
 2.418e+24, 1.548e-11, 3.860e-12,  58868.0000,  58875.0000,  ,FMonLC    ,  Fermi LAT Aperture LC analysis 
 2.418e+25, 8.042e-12, 2.007e-12,  58868.0000,  58875.0000,  ,FMonLC    ,  Fermi LAT Aperture LC analysis 
 2.418e+23, 2.367e-11, 3.930e-12,  59099.0000,  59106.0000,  ,FMonLC    ,  Fermi LAT Aperture LC analysis 
 1.451e+23, 3.363e-11, 3.835e-12,  59099.0000,  59106.0000,  ,FMonLC    ,  Fermi LAT Aperture LC analysis 
 2.418e+24, 1.086e-11, 3.764e-12,  59099.0000,  59106.0000,  ,FMonLC    ,  Fermi LAT Aperture LC analysis 
 2.418e+25, 5.640e-12, 1.955e-12,  59099.0000,  59106.0000,  ,FMonLC    ,  Fermi LAT Aperture LC analysis 
 2.418e+23, 7.224e-12, 0.000e+00,  59127.0000,  59134.0000,UL,FMonLC     ,  Fermi LAT Aperture LC analysis 
 1.451e+23, 3.391e-11, 0.000e+00,  59127.0000,  59134.0000,UL,FMonLC     ,  Fermi LAT Aperture LC analysis 
 2.418e+24, 9.641e-12, 0.000e+00,  59127.0000,  59134.0000,UL,FMonLC     ,  Fermi LAT Aperture LC analysis 
 2.418e+25, 5.008e-12, 0.000e+00,  59127.0000,  59134.0000,UL,FMonLC     ,  Fermi LAT Aperture LC analysis 
 2.418e+23, 5.887e-12, 2.985e-12,  59463.0000,  59470.0000,  ,FMonLC    ,  Fermi LAT Aperture LC analysis 
 1.451e+23, 2.577e-11, 3.680e-12,  59463.0000,  59470.0000,  ,FMonLC    ,  Fermi LAT Aperture LC analysis 
 2.418e+24, 7.254e-12, 2.894e-12,  59463.0000,  59470.0000,  ,FMonLC    ,  Fermi LAT Aperture LC analysis 
 2.418e+25, 3.768e-12, 1.502e-12,  59463.0000,  59470.0000,  ,FMonLC    ,  Fermi LAT Aperture LC analysis 
 2.418e+23, 2.205e-09, 0.000e+00,  59491.0000,  59498.0000,UL,FMonLC     ,  Fermi LAT Aperture LC analysis 
 1.451e+23, 2.444e-09, 0.000e+00,  59491.0000,  59498.0000,UL,FMonLC     ,  Fermi LAT Aperture LC analysis 
 2.418e+24, 1.502e-09, 0.000e+00,  59491.0000,  59498.0000,UL,FMonLC     ,  Fermi LAT Aperture LC analysis 
 2.418e+25, 7.804e-10, 0.000e+00,  59491.0000,  59498.0000,UL,FMonLC     ,  Fermi LAT Aperture LC analysis 
 2.418e+23, 2.371e-11, 0.000e+00,  59526.0000,  59533.0000,UL,FMonLC     ,  Fermi LAT Aperture LC analysis 
 1.451e+23, 3.331e-11, 0.000e+00,  59526.0000,  59533.0000,UL,FMonLC     ,  Fermi LAT Aperture LC analysis 
 2.418e+24, 9.522e-12, 0.000e+00,  59526.0000,  59533.0000,UL,FMonLC     ,  Fermi LAT Aperture LC analysis 
 2.418e+25, 4.947e-12, 0.000e+00,  59526.0000,  59533.0000,UL,FMonLC     ,  Fermi LAT Aperture LC analysis 
 2.418e+23, 2.508e-11, 0.000e+00,  59813.0000,  59820.0000,UL,FMonLC     ,  Fermi LAT Aperture LC analysis 
 1.451e+23, 2.182e-11, 0.000e+00,  59813.0000,  59820.0000,UL,FMonLC     ,  Fermi LAT Aperture LC analysis 
 2.418e+24, 4.586e-12, 0.000e+00,  59813.0000,  59820.0000,UL,FMonLC     ,  Fermi LAT Aperture LC analysis 
 2.418e+25, 2.382e-12, 0.000e+00,  59813.0000,  59820.0000,UL,FMonLC     ,  Fermi LAT Aperture LC analysis 
 2.418e+23, 7.273e-12, 0.000e+00,  59841.0000,  59848.0000,UL,FMonLC     ,  Fermi LAT Aperture LC analysis 
 1.451e+23, 1.937e-11, 0.000e+00,  59841.0000,  59848.0000,UL,FMonLC     ,  Fermi LAT Aperture LC analysis 
 2.418e+24, 3.699e-12, 0.000e+00,  59841.0000,  59848.0000,UL,FMonLC     ,  Fermi LAT Aperture LC analysis 
 2.418e+25, 1.922e-12, 0.000e+00,  59841.0000,  59848.0000,UL,FMonLC     ,  Fermi LAT Aperture LC analysis 
 2.418e+23, 4.641e-11, 0.000e+00,  59862.0000,  59869.0000,UL,FMonLC     ,  Fermi LAT Aperture LC analysis 
 1.451e+23, 2.251e-10, 0.000e+00,  59862.0000,  59869.0000,UL,FMonLC     ,  Fermi LAT Aperture LC analysis 
 2.418e+24, 1.828e-10, 0.000e+00,  59862.0000,  59869.0000,UL,FMonLC     ,  Fermi LAT Aperture LC analysis 
 2.418e+25, 9.497e-11, 0.000e+00,  59862.0000,  59869.0000,UL,FMonLC     ,  Fermi LAT Aperture LC analysis 
 2.418e+23, 2.548e-11, 0.000e+00,  59883.0000,  59890.0000,UL,FMonLC     ,  Fermi LAT Aperture LC analysis 
 1.451e+23, 2.030e-11, 0.000e+00,  59883.0000,  59890.0000,UL,FMonLC     ,  Fermi LAT Aperture LC analysis 
 2.418e+24, 9.610e-12, 0.000e+00,  59883.0000,  59890.0000,UL,FMonLC     ,  Fermi LAT Aperture LC analysis 
 2.418e+25, 4.992e-12, 0.000e+00,  59883.0000,  59890.0000,UL,FMonLC     ,  Fermi LAT Aperture LC analysis 
 2.418e+23, 1.386e-11, 0.000e+00,  59890.0000,  59897.0000,UL,FMonLC     ,  Fermi LAT Aperture LC analysis 
 1.451e+23, 2.359e-11, 0.000e+00,  59890.0000,  59897.0000,UL,FMonLC     ,  Fermi LAT Aperture LC analysis 
 2.418e+24, 1.068e-11, 0.000e+00,  59890.0000,  59897.0000,UL,FMonLC     ,  Fermi LAT Aperture LC analysis 
 2.418e+25, 5.546e-12, 0.000e+00,  59890.0000,  59897.0000,UL,FMonLC     ,  Fermi LAT Aperture LC analysis 
 2.418e+23, 2.075e-11, 6.095e-12,  59897.0000,  59904.0000,  ,FMonLC    ,  Fermi LAT Aperture LC analysis 
 1.451e+23, 3.521e-11, 7.045e-12,  59897.0000,  59904.0000,  ,FMonLC    ,  Fermi LAT Aperture LC analysis 
 2.418e+24, 1.018e-11, 2.565e-12,  59897.0000,  59904.0000,  ,FMonLC    ,  Fermi LAT Aperture LC analysis 
 2.418e+25, 5.291e-12, 1.333e-12,  59897.0000,  59904.0000,  ,FMonLC    ,  Fermi LAT Aperture LC analysis 
 2.418e+23, 2.326e-11, 0.000e+00,  59904.0000,  59911.0000,UL,FMonLC     ,  Fermi LAT Aperture LC analysis 
 1.451e+23, 1.014e-11, 0.000e+00,  59904.0000,  59911.0000,UL,FMonLC     ,  Fermi LAT Aperture LC analysis 
 2.418e+24, 1.449e-11, 0.000e+00,  59904.0000,  59911.0000,UL,FMonLC     ,  Fermi LAT Aperture LC analysis 
 2.418e+25, 7.528e-12, 0.000e+00,  59904.0000,  59911.0000,UL,FMonLC     ,  Fermi LAT Aperture LC analysis 
 2.418e+23, 3.531e-11, 0.000e+00,  59911.0000,  59918.0000,UL,FMonLC     ,  Fermi LAT Aperture LC analysis 
 1.451e+23, 2.761e-11, 0.000e+00,  59911.0000,  59918.0000,UL,FMonLC     ,  Fermi LAT Aperture LC analysis 
 2.418e+24, 5.028e-11, 0.000e+00,  59911.0000,  59918.0000,UL,FMonLC     ,  Fermi LAT Aperture LC analysis 
 2.418e+25, 2.612e-11, 0.000e+00,  59911.0000,  59918.0000,UL,FMonLC     ,  Fermi LAT Aperture LC analysis 
 2.418e+23, 1.365e-11, 0.000e+00,  59918.0000,  59925.0000,UL,FMonLC     ,  Fermi LAT Aperture LC analysis 
 1.451e+23, 1.472e-11, 0.000e+00,  59918.0000,  59925.0000,UL,FMonLC     ,  Fermi LAT Aperture LC analysis 
 2.418e+24, 1.432e-11, 0.000e+00,  59918.0000,  59925.0000,UL,FMonLC     ,  Fermi LAT Aperture LC analysis 
 2.418e+25, 7.438e-12, 0.000e+00,  59918.0000,  59925.0000,UL,FMonLC     ,  Fermi LAT Aperture LC analysis 
 2.418e+23, 3.514e-12, 0.000e+00,  59925.0000,  59932.0000,UL,FMonLC     ,  Fermi LAT Aperture LC analysis 
 1.451e+23, 1.889e-11, 0.000e+00,  59925.0000,  59932.0000,UL,FMonLC     ,  Fermi LAT Aperture LC analysis 
 2.418e+24, 1.193e-11, 0.000e+00,  59925.0000,  59932.0000,UL,FMonLC     ,  Fermi LAT Aperture LC analysis 
 2.418e+25, 6.197e-12, 0.000e+00,  59925.0000,  59932.0000,UL,FMonLC     ,  Fermi LAT Aperture LC analysis 
 2.418e+23, 8.721e-12, 0.000e+00,  59932.0000,  59939.0000,UL,FMonLC     ,  Fermi LAT Aperture LC analysis 
 1.451e+23, 1.060e-11, 0.000e+00,  59932.0000,  59939.0000,UL,FMonLC     ,  Fermi LAT Aperture LC analysis 
 2.418e+24, 1.173e-11, 0.000e+00,  59932.0000,  59939.0000,UL,FMonLC     ,  Fermi LAT Aperture LC analysis 
 2.418e+25, 6.096e-12, 0.000e+00,  59932.0000,  59939.0000,UL,FMonLC     ,  Fermi LAT Aperture LC analysis 
 2.418e+23, 5.307e-12, 0.000e+00,  59939.0000,  59946.0000,UL,FMonLC     ,  Fermi LAT Aperture LC analysis 
 1.451e+23, 7.464e-12, 0.000e+00,  59939.0000,  59946.0000,UL,FMonLC     ,  Fermi LAT Aperture LC analysis 
 2.418e+24, 4.126e-12, 0.000e+00,  59939.0000,  59946.0000,UL,FMonLC     ,  Fermi LAT Aperture LC analysis 
 2.418e+25, 2.143e-12, 0.000e+00,  59939.0000,  59946.0000,UL,FMonLC     ,  Fermi LAT Aperture LC analysis 
 2.418e+23, 5.092e-12, 0.000e+00,  59946.0000,  59953.0000,UL,FMonLC     ,  Fermi LAT Aperture LC analysis 
 1.451e+23, 9.082e-12, 0.000e+00,  59946.0000,  59953.0000,UL,FMonLC     ,  Fermi LAT Aperture LC analysis 
 2.418e+24, 7.522e-12, 0.000e+00,  59946.0000,  59953.0000,UL,FMonLC     ,  Fermi LAT Aperture LC analysis 
 2.418e+25, 3.907e-12, 0.000e+00,  59946.0000,  59953.0000,UL,FMonLC     ,  Fermi LAT Aperture LC analysis 
 2.418e+23, 3.604e-12, 0.000e+00,  59953.0000,  59960.0000,UL,FMonLC     ,  Fermi LAT Aperture LC analysis 
 1.451e+23, 5.034e-12, 0.000e+00,  59953.0000,  59960.0000,UL,FMonLC     ,  Fermi LAT Aperture LC analysis 
 2.418e+24, 9.137e-12, 0.000e+00,  59953.0000,  59960.0000,UL,FMonLC     ,  Fermi LAT Aperture LC analysis 
 2.418e+25, 4.747e-12, 0.000e+00,  59953.0000,  59960.0000,UL,FMonLC     ,  Fermi LAT Aperture LC analysis 
 2.418e+23, 2.925e-11, 6.550e-12,  59960.0000,  59967.0000,  ,FMonLC    ,  Fermi LAT Aperture LC analysis 
 1.451e+23, 3.741e-11, 9.180e-12,  59960.0000,  59967.0000,  ,FMonLC    ,  Fermi LAT Aperture LC analysis 
 2.418e+24, 1.211e-11, 3.399e-12,  59960.0000,  59967.0000,  ,FMonLC    ,  Fermi LAT Aperture LC analysis 
 2.418e+25, 6.293e-12, 1.767e-12,  59960.0000,  59967.0000,  ,FMonLC    ,  Fermi LAT Aperture LC analysis 
 2.418e+23, 8.865e-12, 0.000e+00,  59967.0000,  59974.0000,UL,FMonLC     ,  Fermi LAT Aperture LC analysis 
 1.451e+23, 2.424e-11, 0.000e+00,  59967.0000,  59974.0000,UL,FMonLC     ,  Fermi LAT Aperture LC analysis 
 2.418e+24, 4.276e-11, 0.000e+00,  59967.0000,  59974.0000,UL,FMonLC     ,  Fermi LAT Aperture LC analysis 
 2.418e+25, 2.221e-11, 0.000e+00,  59967.0000,  59974.0000,UL,FMonLC     ,  Fermi LAT Aperture LC analysis 
 2.418e+23, 1.241e-11, 0.000e+00,  59974.0000,  59981.0000,UL,FMonLC     ,  Fermi LAT Aperture LC analysis 
 1.451e+23, 1.923e-11, 0.000e+00,  59974.0000,  59981.0000,UL,FMonLC     ,  Fermi LAT Aperture LC analysis 
 2.418e+24, 1.533e-11, 0.000e+00,  59974.0000,  59981.0000,UL,FMonLC     ,  Fermi LAT Aperture LC analysis 
 2.418e+25, 7.961e-12, 0.000e+00,  59974.0000,  59981.0000,UL,FMonLC     ,  Fermi LAT Aperture LC analysis 
 2.418e+23, 1.859e-11, 0.000e+00,  59981.0000,  59988.0000,UL,FMonLC     ,  Fermi LAT Aperture LC analysis 
 1.451e+23, 1.299e-11, 0.000e+00,  59981.0000,  59988.0000,UL,FMonLC     ,  Fermi LAT Aperture LC analysis 
 2.418e+24, 5.026e-12, 0.000e+00,  59981.0000,  59988.0000,UL,FMonLC     ,  Fermi LAT Aperture LC analysis 
 2.418e+25, 2.611e-12, 0.000e+00,  59981.0000,  59988.0000,UL,FMonLC     ,  Fermi LAT Aperture LC analysis 
 2.418e+23, 2.697e-11, 4.790e-12,  59988.0000,  59995.0000,  ,FMonLC    ,  Fermi LAT Aperture LC analysis 
 1.451e+23, 3.992e-11, 5.050e-12,  59988.0000,  59995.0000,  ,FMonLC    ,  Fermi LAT Aperture LC analysis 
 2.418e+24, 1.309e-11, 3.468e-12,  59988.0000,  59995.0000,  ,FMonLC    ,  Fermi LAT Aperture LC analysis 
 2.418e+25, 6.800e-12, 1.800e-12,  59988.0000,  59995.0000,  ,FMonLC    ,  Fermi LAT Aperture LC analysis 
 2.418e+23, 1.460e-11, 3.630e-12,  59995.0000,  60002.0000,  ,FMonLC    ,  Fermi LAT Aperture LC analysis 
 1.451e+23, 2.214e-11, 5.435e-12,  59995.0000,  60002.0000,  ,FMonLC    ,  Fermi LAT Aperture LC analysis 
 2.418e+24, 1.040e-11, 2.572e-12,  59995.0000,  60002.0000,  ,FMonLC    ,  Fermi LAT Aperture LC analysis 
 2.418e+25, 5.400e-12, 1.336e-12,  59995.0000,  60002.0000,  ,FMonLC    ,  Fermi LAT Aperture LC analysis 
 2.418e+23, 1.085e-11, 3.596e-12,  60002.0000,  60009.0000,  ,FMonLC    ,  Fermi LAT Aperture LC analysis 
 1.451e+23, 1.998e-11, 5.720e-12,  60002.0000,  60009.0000,  ,FMonLC    ,  Fermi LAT Aperture LC analysis 
 2.418e+24, 8.312e-12, 2.399e-12,  60002.0000,  60009.0000,  ,FMonLC    ,  Fermi LAT Aperture LC analysis 
 2.418e+25, 4.318e-12, 1.247e-12,  60002.0000,  60009.0000,  ,FMonLC    ,  Fermi LAT Aperture LC analysis 
 2.418e+23, 5.233e-12, 0.000e+00,  60009.0000,  60016.0000,UL,FMonLC     ,  Fermi LAT Aperture LC analysis 
 1.451e+23, 1.839e-11, 0.000e+00,  60009.0000,  60016.0000,UL,FMonLC     ,  Fermi LAT Aperture LC analysis 
 2.418e+24, 6.856e-12, 0.000e+00,  60009.0000,  60016.0000,UL,FMonLC     ,  Fermi LAT Aperture LC analysis 
 2.418e+25, 3.561e-12, 0.000e+00,  60009.0000,  60016.0000,UL,FMonLC     ,  Fermi LAT Aperture LC analysis 
 2.418e+23, 8.865e-12, 0.000e+00,  60016.0000,  60023.0000,UL,FMonLC     ,  Fermi LAT Aperture LC analysis 
 1.451e+23, 4.086e-11, 0.000e+00,  60016.0000,  60023.0000,UL,FMonLC     ,  Fermi LAT Aperture LC analysis 
 2.418e+24, 2.086e-11, 0.000e+00,  60016.0000,  60023.0000,UL,FMonLC     ,  Fermi LAT Aperture LC analysis 
 2.418e+25, 1.083e-11, 0.000e+00,  60016.0000,  60023.0000,UL,FMonLC     ,  Fermi LAT Aperture LC analysis 
 2.418e+23, 3.362e-12, 0.000e+00,  60023.0000,  60030.0000,UL,FMonLC     ,  Fermi LAT Aperture LC analysis 
 1.451e+23, 1.678e-11, 0.000e+00,  60023.0000,  60030.0000,UL,FMonLC     ,  Fermi LAT Aperture LC analysis 
 2.418e+24, 1.196e-11, 0.000e+00,  60023.0000,  60030.0000,UL,FMonLC     ,  Fermi LAT Aperture LC analysis 
 2.418e+25, 6.215e-12, 0.000e+00,  60023.0000,  60030.0000,UL,FMonLC     ,  Fermi LAT Aperture LC analysis 
 2.418e+23, 1.173e-11, 0.000e+00,  60030.0000,  60037.0000,UL,FMonLC     ,  Fermi LAT Aperture LC analysis 
 1.451e+23, 3.366e-11, 0.000e+00,  60030.0000,  60037.0000,UL,FMonLC     ,  Fermi LAT Aperture LC analysis 
 2.418e+24, 3.879e-12, 0.000e+00,  60030.0000,  60037.0000,UL,FMonLC     ,  Fermi LAT Aperture LC analysis 
 2.418e+25, 2.015e-12, 0.000e+00,  60030.0000,  60037.0000,UL,FMonLC     ,  Fermi LAT Aperture LC analysis 
 2.418e+23, 1.021e-11, 0.000e+00,  60037.0000,  60044.0000,UL,FMonLC     ,  Fermi LAT Aperture LC analysis 
 1.451e+23, 2.504e-11, 0.000e+00,  60037.0000,  60044.0000,UL,FMonLC     ,  Fermi LAT Aperture LC analysis 
 2.418e+24, 4.891e-12, 0.000e+00,  60037.0000,  60044.0000,UL,FMonLC     ,  Fermi LAT Aperture LC analysis 
 2.418e+25, 2.541e-12, 0.000e+00,  60037.0000,  60044.0000,UL,FMonLC     ,  Fermi LAT Aperture LC analysis 
 2.418e+23, 2.396e-11, 6.155e-12,  60044.0000,  60051.0000,  ,FMonLC    ,  Fermi LAT Aperture LC analysis 
 1.451e+23, 2.854e-11, 3.935e-12,  60044.0000,  60051.0000,  ,FMonLC    ,  Fermi LAT Aperture LC analysis 
 2.418e+24, 9.804e-12, 2.916e-12,  60044.0000,  60051.0000,  ,FMonLC    ,  Fermi LAT Aperture LC analysis 
 2.418e+25, 5.093e-12, 1.515e-12,  60044.0000,  60051.0000,  ,FMonLC    ,  Fermi LAT Aperture LC analysis 
 2.418e+23, 1.790e-11, 5.040e-12,  60051.0000,  60058.0000,  ,FMonLC    ,  Fermi LAT Aperture LC analysis 
 1.451e+23, 2.530e-11, 7.700e-12,  60051.0000,  60058.0000,  ,FMonLC    ,  Fermi LAT Aperture LC analysis 
 2.418e+24, 1.741e-11, 4.250e-12,  60051.0000,  60058.0000,  ,FMonLC    ,  Fermi LAT Aperture LC analysis 
 2.418e+25, 9.045e-12, 2.205e-12,  60051.0000,  60058.0000,  ,FMonLC    ,  Fermi LAT Aperture LC analysis 
 2.418e+23, 1.473e-11, 0.000e+00,  60058.0000,  60065.0000,UL,FMonLC     ,  Fermi LAT Aperture LC analysis 
 1.451e+23, 4.028e-11, 0.000e+00,  60058.0000,  60065.0000,UL,FMonLC     ,  Fermi LAT Aperture LC analysis 
 2.418e+24, 1.497e-11, 0.000e+00,  60058.0000,  60065.0000,UL,FMonLC     ,  Fermi LAT Aperture LC analysis 
 2.418e+25, 7.776e-12, 0.000e+00,  60058.0000,  60065.0000,UL,FMonLC     ,  Fermi LAT Aperture LC analysis 
 2.418e+23, 1.751e-11, 0.000e+00,  60065.0000,  60072.0000,UL,FMonLC     ,  Fermi LAT Aperture LC analysis 
 1.451e+23, 2.896e-11, 0.000e+00,  60065.0000,  60072.0000,UL,FMonLC     ,  Fermi LAT Aperture LC analysis 
 2.418e+24, 2.032e-11, 0.000e+00,  60065.0000,  60072.0000,UL,FMonLC     ,  Fermi LAT Aperture LC analysis 
 2.418e+25, 1.056e-11, 0.000e+00,  60065.0000,  60072.0000,UL,FMonLC     ,  Fermi LAT Aperture LC analysis 
 2.418e+23, 2.506e-11, 5.350e-12,  60079.0000,  60086.0000,  ,FMonLC    ,  Fermi LAT Aperture LC analysis 
 1.451e+23, 4.884e-11, 9.905e-12,  60079.0000,  60086.0000,  ,FMonLC    ,  Fermi LAT Aperture LC analysis 
 2.418e+24, 2.392e-11, 6.620e-12,  60079.0000,  60086.0000,  ,FMonLC    ,  Fermi LAT Aperture LC analysis 
 2.418e+25, 1.243e-11, 3.442e-12,  60079.0000,  60086.0000,  ,FMonLC    ,  Fermi LAT Aperture LC analysis 
 2.418e+23, 2.022e-11, 5.055e-12,  60086.0000,  60093.0000,  ,FMonLC    ,  Fermi LAT Aperture LC analysis 
 1.451e+23, 4.779e-11, 9.325e-12,  60086.0000,  60093.0000,  ,FMonLC    ,  Fermi LAT Aperture LC analysis 
 2.418e+24, 1.308e-11, 5.171e-12,  60086.0000,  60093.0000,  ,FMonLC    ,  Fermi LAT Aperture LC analysis 
 2.418e+25, 6.794e-12, 2.686e-12,  60086.0000,  60093.0000,  ,FMonLC    ,  Fermi LAT Aperture LC analysis 
 2.418e+23, 1.605e-11, 4.610e-12,  60093.0000,  60100.0000,  ,FMonLC    ,  Fermi LAT Aperture LC analysis 
 1.451e+23, 3.710e-11, 9.365e-12,  60093.0000,  60100.0000,  ,FMonLC    ,  Fermi LAT Aperture LC analysis 
 2.418e+24, 1.968e-11, 5.860e-12,  60093.0000,  60100.0000,  ,FMonLC    ,  Fermi LAT Aperture LC analysis 
 2.418e+25, 1.023e-11, 3.045e-12,  60093.0000,  60100.0000,  ,FMonLC    ,  Fermi LAT Aperture LC analysis 
 2.418e+23, 1.423e-11, 4.060e-12,  60100.0000,  60107.0000,  ,FMonLC    ,  Fermi LAT Aperture LC analysis 
 1.451e+23, 2.181e-11, 2.965e-12,  60100.0000,  60107.0000,  ,FMonLC    ,  Fermi LAT Aperture LC analysis 
 2.418e+24, 1.201e-11, 3.447e-12,  60100.0000,  60107.0000,  ,FMonLC    ,  Fermi LAT Aperture LC analysis 
 2.418e+25, 6.241e-12, 1.791e-12,  60100.0000,  60107.0000,  ,FMonLC    ,  Fermi LAT Aperture LC analysis 
 2.418e+23, 9.138e-12, 0.000e+00,  60114.0000,  60121.0000,UL,FMonLC     ,  Fermi LAT Aperture LC analysis 
 1.451e+23, 1.599e-11, 0.000e+00,  60114.0000,  60121.0000,UL,FMonLC     ,  Fermi LAT Aperture LC analysis 
 2.418e+24, 9.662e-12, 0.000e+00,  60114.0000,  60121.0000,UL,FMonLC     ,  Fermi LAT Aperture LC analysis 
 2.418e+25, 5.019e-12, 0.000e+00,  60114.0000,  60121.0000,UL,FMonLC     ,  Fermi LAT Aperture LC analysis 
 2.418e+23, 7.351e-12, 0.000e+00,  60121.0000,  60128.0000,UL,FMonLC     ,  Fermi LAT Aperture LC analysis 
 1.451e+23, 1.224e-11, 0.000e+00,  60121.0000,  60128.0000,UL,FMonLC     ,  Fermi LAT Aperture LC analysis 
 2.418e+24, 2.015e-11, 0.000e+00,  60121.0000,  60128.0000,UL,FMonLC     ,  Fermi LAT Aperture LC analysis 
 2.418e+25, 1.047e-11, 0.000e+00,  60121.0000,  60128.0000,UL,FMonLC     ,  Fermi LAT Aperture LC analysis 
 2.418e+23, 2.901e-11, 0.000e+00,  60128.0000,  60135.0000,UL,FMonLC     ,  Fermi LAT Aperture LC analysis 
 1.451e+23, 2.325e-11, 0.000e+00,  60128.0000,  60135.0000,UL,FMonLC     ,  Fermi LAT Aperture LC analysis 
 2.418e+24, 1.324e-11, 0.000e+00,  60128.0000,  60135.0000,UL,FMonLC     ,  Fermi LAT Aperture LC analysis 
 2.418e+25, 6.877e-12, 0.000e+00,  60128.0000,  60135.0000,UL,FMonLC     ,  Fermi LAT Aperture LC analysis 
 2.418e+23, 2.120e-11, 0.000e+00,  60135.0000,  60142.0000,UL,FMonLC     ,  Fermi LAT Aperture LC analysis 
 1.451e+23, 9.899e-12, 0.000e+00,  60135.0000,  60142.0000,UL,FMonLC     ,  Fermi LAT Aperture LC analysis 
 2.418e+24, 1.057e-11, 0.000e+00,  60135.0000,  60142.0000,UL,FMonLC     ,  Fermi LAT Aperture LC analysis 
 2.418e+25, 5.489e-12, 0.000e+00,  60135.0000,  60142.0000,UL,FMonLC     ,  Fermi LAT Aperture LC analysis 
 2.418e+23, 2.000e-11, 4.765e-12,  60142.0000,  60149.0000,  ,FMonLC    ,  Fermi LAT Aperture LC analysis 
 1.451e+23, 4.144e-11, 9.060e-12,  60142.0000,  60149.0000,  ,FMonLC    ,  Fermi LAT Aperture LC analysis 
 2.418e+24, 7.695e-12, 3.756e-12,  60142.0000,  60149.0000,  ,FMonLC    ,  Fermi LAT Aperture LC analysis 
 2.418e+25, 3.997e-12, 1.951e-12,  60142.0000,  60149.0000,  ,FMonLC    ,  Fermi LAT Aperture LC analysis 
 2.418e+23, 1.759e-11, 4.255e-12,  60149.0000,  60156.0000,  ,FMonLC    ,  Fermi LAT Aperture LC analysis 
 1.451e+23, 2.946e-11, 7.485e-12,  60149.0000,  60156.0000,  ,FMonLC    ,  Fermi LAT Aperture LC analysis 
 2.418e+24, 1.572e-11, 7.400e-13,  60149.0000,  60156.0000,  ,FMonLC    ,  Fermi LAT Aperture LC analysis 
 2.418e+25, 8.166e-12, 3.825e-13,  60149.0000,  60156.0000,  ,FMonLC    ,  Fermi LAT Aperture LC analysis 
 2.418e+23, 1.228e-11, 0.000e+00,  60156.0000,  60163.0000,UL,FMonLC     ,  Fermi LAT Aperture LC analysis 
 1.451e+23, 2.561e-11, 0.000e+00,  60156.0000,  60163.0000,UL,FMonLC     ,  Fermi LAT Aperture LC analysis 
 2.418e+24, 5.006e-12, 0.000e+00,  60156.0000,  60163.0000,UL,FMonLC     ,  Fermi LAT Aperture LC analysis 
 2.418e+25, 2.601e-12, 0.000e+00,  60156.0000,  60163.0000,UL,FMonLC     ,  Fermi LAT Aperture LC analysis 
 2.418e+23, 1.834e-11, 4.120e-12,  60163.0000,  60170.0000,  ,FMonLC    ,  Fermi LAT Aperture LC analysis 
 1.451e+23, 2.681e-11, 5.685e-12,  60163.0000,  60170.0000,  ,FMonLC    ,  Fermi LAT Aperture LC analysis 
 2.418e+24, 2.770e-12, 6.000e-15,  60163.0000,  60170.0000,  ,FMonLC    ,  Fermi LAT Aperture LC analysis 
 2.418e+25, 1.439e-12, 3.000e-15,  60163.0000,  60170.0000,  ,FMonLC    ,  Fermi LAT Aperture LC analysis 
 2.418e+23, 2.517e-11, 0.000e+00,  60170.0000,  60177.0000,UL,FMonLC     ,  Fermi LAT Aperture LC analysis 
 1.451e+23, 1.348e-11, 0.000e+00,  60170.0000,  60177.0000,UL,FMonLC     ,  Fermi LAT Aperture LC analysis 
 2.418e+24, 8.495e-12, 0.000e+00,  60170.0000,  60177.0000,UL,FMonLC     ,  Fermi LAT Aperture LC analysis 
 2.418e+25, 4.413e-12, 0.000e+00,  60170.0000,  60177.0000,UL,FMonLC     ,  Fermi LAT Aperture LC analysis 
 2.418e+23, 2.063e-11, 0.000e+00,  60177.0000,  60184.0000,UL,FMonLC     ,  Fermi LAT Aperture LC analysis 
 1.451e+23, 9.075e-11, 0.000e+00,  60177.0000,  60184.0000,UL,FMonLC     ,  Fermi LAT Aperture LC analysis 
 2.418e+24, 4.898e-11, 0.000e+00,  60177.0000,  60184.0000,UL,FMonLC     ,  Fermi LAT Aperture LC analysis 
 2.418e+25, 2.544e-11, 0.000e+00,  60177.0000,  60184.0000,UL,FMonLC     ,  Fermi LAT Aperture LC analysis 
 2.418e+23, 3.049e-11, 6.305e-12,  60184.0000,  60191.0000,  ,FMonLC    ,  Fermi LAT Aperture LC analysis 
 1.451e+23, 3.649e-11, 8.465e-12,  60184.0000,  60191.0000,  ,FMonLC    ,  Fermi LAT Aperture LC analysis 
 2.418e+24, 4.337e-12, 7.500e-15,  60184.0000,  60191.0000,  ,FMonLC    ,  Fermi LAT Aperture LC analysis 
 2.418e+25, 2.253e-12, 4.000e-15,  60184.0000,  60191.0000,  ,FMonLC    ,  Fermi LAT Aperture LC analysis 
 2.418e+23, 2.089e-11, 0.000e+00,  60191.0000,  60198.0000,UL,FMonLC     ,  Fermi LAT Aperture LC analysis 
 1.451e+23, 1.717e-11, 0.000e+00,  60191.0000,  60198.0000,UL,FMonLC     ,  Fermi LAT Aperture LC analysis 
 2.418e+24, 3.089e-12, 0.000e+00,  60191.0000,  60198.0000,UL,FMonLC     ,  Fermi LAT Aperture LC analysis 
 2.418e+25, 1.605e-12, 0.000e+00,  60191.0000,  60198.0000,UL,FMonLC     ,  Fermi LAT Aperture LC analysis 
 2.418e+23, 7.002e-12, 0.000e+00,  60198.0000,  60205.0000,UL,FMonLC     ,  Fermi LAT Aperture LC analysis 
 1.451e+23, 2.882e-11, 0.000e+00,  60198.0000,  60205.0000,UL,FMonLC     ,  Fermi LAT Aperture LC analysis 
 2.418e+24, 1.186e-11, 0.000e+00,  60198.0000,  60205.0000,UL,FMonLC     ,  Fermi LAT Aperture LC analysis 
 2.418e+25, 6.163e-12, 0.000e+00,  60198.0000,  60205.0000,UL,FMonLC     ,  Fermi LAT Aperture LC analysis 
 2.418e+23, 1.978e-11, 4.185e-12,  60205.0000,  60212.0000,  ,FMonLC    ,  Fermi LAT Aperture LC analysis 
 1.451e+23, 2.720e-11, 6.250e-12,  60205.0000,  60212.0000,  ,FMonLC    ,  Fermi LAT Aperture LC analysis 
 2.418e+24, 1.067e-11, 1.456e-12,  60205.0000,  60212.0000,  ,FMonLC    ,  Fermi LAT Aperture LC analysis 
 2.418e+25, 5.541e-12, 7.570e-13,  60205.0000,  60212.0000,  ,FMonLC    ,  Fermi LAT Aperture LC analysis 
 2.418e+23, 2.112e-11, 5.210e-12,  60212.0000,  60219.0000,  ,FMonLC    ,  Fermi LAT Aperture LC analysis 
 1.451e+23, 2.602e-11, 6.765e-12,  60212.0000,  60219.0000,  ,FMonLC    ,  Fermi LAT Aperture LC analysis 
 2.418e+24, 6.854e-12, 2.090e-12,  60212.0000,  60219.0000,  ,FMonLC    ,  Fermi LAT Aperture LC analysis 
 2.418e+25, 3.561e-12, 1.086e-12,  60212.0000,  60219.0000,  ,FMonLC    ,  Fermi LAT Aperture LC analysis 
 2.418e+23, 2.282e-11, 5.775e-12,  60219.0000,  60226.0000,  ,FMonLC    ,  Fermi LAT Aperture LC analysis 
 1.451e+23, 2.792e-11, 8.765e-12,  60219.0000,  60226.0000,  ,FMonLC    ,  Fermi LAT Aperture LC analysis 
 2.418e+24, 2.352e-11, 5.730e-12,  60219.0000,  60226.0000,  ,FMonLC    ,  Fermi LAT Aperture LC analysis 
 2.418e+25, 1.222e-11, 2.975e-12,  60219.0000,  60226.0000,  ,FMonLC    ,  Fermi LAT Aperture LC analysis 
 1.209e+25, 8.963e-13, 1.336e-13,  55000.0000,  55000.0000,  ,DEBL    ,  EBL-corrected flux 
 8.462e+24, 1.423e-12, 4.415e-13,  55000.0000,  55000.0000,  ,DEBL    ,  EBL-corrected flux 
 7.253e+25, 3.054e-12, 2.139e-12,  55000.0000,  55000.0000,  ,DEBL    ,  EBL-corrected flux 
 4.835e+24, 3.010e-12, 3.545e-13,  55000.0000,  55000.0000,  ,DEBL    ,  EBL-corrected flux 
 1.451e+25, 1.621e-12, 4.485e-13,  55000.0000,  55000.0000,  ,DEBL    ,  EBL-corrected flux 
 1.451e+26, 1.464e-12, 1.029e-12,  55000.0000,  55000.0000,  ,DEBL    ,  EBL-corrected flux 
 8.400e+09, 1.176e-13, 2.351e-14,  55000.0000,  55000.0000,  ,SPECFINDV3    ,  Stein et al.  2021  A&A  655  A17 
 2.700e+09, 5.103e-14, 1.026e-14,  55000.0000,  55000.0000,  ,SPECFINDV3    ,  Stein et al.  2021  A&A  655  A17 
 3.650e+08, 3.508e-15, 6.935e-16,  55000.0000,  55000.0000,  ,SPECFINDV3    ,  Stein et al.  2021  A&A  655  A17 
 3.250e+08, 2.522e-15, 5.200e-16,  55000.0000,  55000.0000,  ,SPECFINDV3    ,  Stein et al.  2021  A&A  655  A17 
 8.400e+09, 1.252e-13, 2.522e-14,  55000.0000,  55000.0000,  ,SPECFINDV3    ,  Stein et al.  2021  A&A  655  A17 
 8.400e+09, 1.151e-13, 2.270e-14,  55000.0000,  55000.0000,  ,SPECFINDV3    ,  Stein et al.  2021  A&A  655  A17 
 1.500e+08, 1.545e-15, 3.150e-16,  55000.0000,  55000.0000,  ,SPECFINDV3    ,  Stein et al.  2021  A&A  655  A17 
 8.400e+09, 1.411e-13, 2.855e-14,  55000.0000,  55000.0000,  ,SPECFINDV3    ,  Stein et al.  2021  A&A  655  A17 
 2.200e+10, 3.234e-13, 6.380e-14,  55000.0000,  55000.0000,  ,SPECFINDV3    ,  Stein et al.  2021  A&A  655  A17 
