freq. ,flux ,err_flux ,MJD_start ,MJD_end ,flag,catalog,reference
 1.400e+09, 2.674e-15, 8.000e-17,  55000.0000,  55000.0000,  ,NVSS    ,  Condon et al. 1998  AJ  115  1693 
 8.870e+08, 2.229e-15, 1.610e-16,  55000.0000,  55000.0000,  ,RACS    ,  Hale et al. 2021  PASA  38  e058 
 3.000e+09, 4.824e-15, 2.550e-17,  55000.0000,  55000.0000,  ,VLASSQL    ,  Gordon et al. 2021  ApJS  255  30 
 1.500e+08, 7.431e-16, 7.455e-17,  55000.0000,  55000.0000,  ,TGSS150    ,  Intema et al. 2017  A&A  598  A781 
 8.400e+09, 3.494e-15, 0.000e+00,  55000.0000,  55000.0000,  ,CRATES    ,  Healey et al. 2007  ApJS  171  61 
 8.400e+09, 2.352e-16, 0.000e+00,  55000.0000,  55000.0000,  ,CRATES    ,  Healey et al. 2007  ApJS  171  61 
 4.800e+09, 6.336e-15, 6.240e-16,  55000.0000,  55000.0000,  ,PMN    ,  Griffith et al. 1993-1996  VizieR  VIII/38 
 8.817e+13, 2.673e-13, 2.550e-15,  55000.0000,  55000.0000,  ,UNWISE    ,  Schlafly et al. 2019  ApJS  240  30 
 6.517e+13, 2.701e-13, 3.950e-15,  55000.0000,  55000.0000,  ,UNWISE    ,  Schlafly et al. 2019  ApJS  240  30 
 8.817e+13, 2.279e-13, 8.200e-15,  55000.0000,  55000.0000,  ,WISE    ,  Wright et al. 2010  AJ  140  1868 
 6.517e+13, 2.391e-13, 1.055e-14,  55000.0000,  55000.0000,  ,WISE    ,  Wright et al. 2010  AJ  140  1868 
 2.498e+13, 1.814e-13, 4.145e-14,  55000.0000,  55000.0000,  ,WISE    ,  Wright et al. 2010  AJ  140  1868 
 1.363e+13, 4.660e-13, 1.506e-13,  55000.0000,  55000.0000,  ,WISE    ,  Wright et al. 2010  AJ  140  1868 
 8.817e+13, 3.414e-13, 3.465e-14,  57542.4609,  57542.4609,  ,NEOWISE    ,  Mainzer et al. 2014  ApJ  792  30 
 6.517e+13, 3.286e-13, 4.310e-14,  57542.4609,  57542.4609,  ,NEOWISE    ,  Mainzer et al. 2014  ApJ  792  30 
 8.817e+13, 4.015e-13, 3.000e-14,  57542.8516,  57542.8516,  ,NEOWISE    ,  Mainzer et al. 2014  ApJ  792  30 
 6.517e+13, 3.527e-13, 4.295e-14,  57542.8516,  57542.8516,  ,NEOWISE    ,  Mainzer et al. 2014  ApJ  792  30 
 8.817e+13, 3.581e-13, 3.205e-14,  57542.5273,  57542.5273,  ,NEOWISE    ,  Mainzer et al. 2014  ApJ  792  30 
 6.517e+13, 4.046e-13, 3.655e-14,  57542.5273,  57542.5273,  ,NEOWISE    ,  Mainzer et al. 2014  ApJ  792  30 
 8.817e+13, 3.565e-13, 3.090e-14,  57542.1328,  57542.1328,  ,NEOWISE    ,  Mainzer et al. 2014  ApJ  792  30 
 6.517e+13, 3.911e-13, 5.165e-14,  57542.1328,  57542.1328,  ,NEOWISE    ,  Mainzer et al. 2014  ApJ  792  30 
 8.817e+13, 3.761e-13, 3.155e-14,  57542.3945,  57542.3945,  ,NEOWISE    ,  Mainzer et al. 2014  ApJ  792  30 
 6.517e+13, 3.694e-13, 3.545e-14,  57542.3945,  57542.3945,  ,NEOWISE    ,  Mainzer et al. 2014  ApJ  792  30 
 8.817e+13, 3.145e-13, 3.105e-14,  57542.2617,  57542.2617,  ,NEOWISE    ,  Mainzer et al. 2014  ApJ  792  30 
 6.517e+13, 2.746e-13, 3.830e-14,  57542.2617,  57542.2617,  ,NEOWISE    ,  Mainzer et al. 2014  ApJ  792  30 
 8.817e+13, 3.163e-13, 2.625e-14,  57542.3945,  57542.3945,  ,NEOWISE    ,  Mainzer et al. 2014  ApJ  792  30 
 6.517e+13, 3.780e-13, 3.695e-14,  57542.3945,  57542.3945,  ,NEOWISE    ,  Mainzer et al. 2014  ApJ  792  30 
 8.817e+13, 3.668e-13, 2.670e-14,  57542.5898,  57542.5898,  ,NEOWISE    ,  Mainzer et al. 2014  ApJ  792  30 
 6.517e+13, 3.453e-13, 4.495e-14,  57542.5898,  57542.5898,  ,NEOWISE    ,  Mainzer et al. 2014  ApJ  792  30 
 8.817e+13, 3.726e-13, 2.750e-14,  57542.9844,  57542.9844,  ,NEOWISE    ,  Mainzer et al. 2014  ApJ  792  30 
 6.517e+13, 4.028e-13, 3.750e-14,  57542.9844,  57542.9844,  ,NEOWISE    ,  Mainzer et al. 2014  ApJ  792  30 
 8.817e+13, 3.373e-13, 2.615e-14,  57542.0000,  57542.0000,  ,NEOWISE    ,  Mainzer et al. 2014  ApJ  792  30 
 6.517e+13, 3.400e-13, 4.265e-14,  57542.0000,  57542.0000,  ,NEOWISE    ,  Mainzer et al. 2014  ApJ  792  30 
 8.817e+13, 3.565e-13, 2.630e-14,  57542.6562,  57542.6562,  ,NEOWISE    ,  Mainzer et al. 2014  ApJ  792  30 
 6.517e+13, 4.328e-13, 3.955e-14,  57542.6562,  57542.6562,  ,NEOWISE    ,  Mainzer et al. 2014  ApJ  792  30 
 8.817e+13, 3.169e-13, 2.570e-14,  57542.7227,  57542.7227,  ,NEOWISE    ,  Mainzer et al. 2014  ApJ  792  30 
 6.517e+13, 4.156e-13, 5.180e-14,  57542.7227,  57542.7227,  ,NEOWISE    ,  Mainzer et al. 2014  ApJ  792  30 
 8.817e+13, 3.611e-13, 2.595e-14,  57542.2617,  57542.2617,  ,NEOWISE    ,  Mainzer et al. 2014  ApJ  792  30 
 6.517e+13, 3.656e-13, 4.115e-14,  57542.2617,  57542.2617,  ,NEOWISE    ,  Mainzer et al. 2014  ApJ  792  30 
 8.817e+13, 2.694e-13, 2.335e-14,  57902.3750,  57902.3750,  ,NEOWISE    ,  Mainzer et al. 2014  ApJ  792  30 
 6.517e+13, 3.208e-13, 3.490e-14,  57902.3750,  57902.3750,  ,NEOWISE    ,  Mainzer et al. 2014  ApJ  792  30 
 8.817e+13, 2.982e-13, 2.775e-14,  57902.7656,  57902.7656,  ,NEOWISE    ,  Mainzer et al. 2014  ApJ  792  30 
 6.517e+13, 4.901e-13, 6.475e-14,  57902.7656,  57902.7656,  ,NEOWISE    ,  Mainzer et al. 2014  ApJ  792  30 
 8.817e+13, 3.213e-13, 2.460e-14,  57902.8320,  57902.8320,  ,NEOWISE    ,  Mainzer et al. 2014  ApJ  792  30 
 6.517e+13, 2.721e-13, 4.225e-14,  57902.8320,  57902.8320,  ,NEOWISE    ,  Mainzer et al. 2014  ApJ  792  30 
 8.817e+13, 2.993e-13, 2.480e-14,  57903.0312,  57903.0312,  ,NEOWISE    ,  Mainzer et al. 2014  ApJ  792  30 
 6.517e+13, 3.084e-13, 4.015e-14,  57903.0312,  57903.0312,  ,NEOWISE    ,  Mainzer et al. 2014  ApJ  792  30 
 8.817e+13, 3.031e-13, 2.600e-14,  57903.4883,  57903.4883,  ,NEOWISE    ,  Mainzer et al. 2014  ApJ  792  30 
 6.517e+13, 3.268e-13, 3.495e-14,  57903.4883,  57903.4883,  ,NEOWISE    ,  Mainzer et al. 2014  ApJ  792  30 
 8.817e+13, 2.419e-13, 2.500e-14,  57903.0938,  57903.0938,  ,NEOWISE    ,  Mainzer et al. 2014  ApJ  792  30 
 6.517e+13, 2.681e-13, 4.015e-14,  57903.0938,  57903.0938,  ,NEOWISE    ,  Mainzer et al. 2014  ApJ  792  30 
 8.817e+13, 2.704e-13, 2.745e-14,  56824.9805,  56824.9805,  ,NEOWISE    ,  Mainzer et al. 2014  ApJ  792  30 
 6.517e+13, 2.066e-13, 3.790e-14,  56824.9805,  56824.9805,  ,NEOWISE    ,  Mainzer et al. 2014  ApJ  792  30 
 8.817e+13, 3.361e-13, 3.905e-14,  56825.1133,  56825.1133,  ,NEOWISE    ,  Mainzer et al. 2014  ApJ  792  30 
 6.517e+13, 2.671e-13, 3.750e-14,  56825.1133,  56825.1133,  ,NEOWISE    ,  Mainzer et al. 2014  ApJ  792  30 
 8.817e+13, 2.364e-13, 2.510e-14,  56824.7188,  56824.7188,  ,NEOWISE    ,  Mainzer et al. 2014  ApJ  792  30 
 6.517e+13, 2.683e-13, 3.820e-14,  56824.7188,  56824.7188,  ,NEOWISE    ,  Mainzer et al. 2014  ApJ  792  30 
 8.817e+13, 2.545e-13, 2.890e-14,  56824.6523,  56824.6523,  ,NEOWISE    ,  Mainzer et al. 2014  ApJ  792  30 
 6.517e+13, 3.052e-13, 3.720e-14,  56824.6523,  56824.6523,  ,NEOWISE    ,  Mainzer et al. 2014  ApJ  792  30 
 8.817e+13, 2.575e-13, 2.660e-14,  56824.6523,  56824.6523,  ,NEOWISE    ,  Mainzer et al. 2014  ApJ  792  30 
 6.517e+13, 3.397e-13, 4.835e-14,  56824.6523,  56824.6523,  ,NEOWISE    ,  Mainzer et al. 2014  ApJ  792  30 
 8.817e+13, 3.060e-13, 2.705e-14,  56824.8477,  56824.8477,  ,NEOWISE    ,  Mainzer et al. 2014  ApJ  792  30 
 6.517e+13, 3.185e-13, 4.355e-14,  56824.8477,  56824.8477,  ,NEOWISE    ,  Mainzer et al. 2014  ApJ  792  30 
 8.817e+13, 2.178e-13, 2.795e-14,  56824.9141,  56824.9141,  ,NEOWISE    ,  Mainzer et al. 2014  ApJ  792  30 
 6.517e+13, 2.280e-13, 4.010e-14,  56824.9141,  56824.9141,  ,NEOWISE    ,  Mainzer et al. 2014  ApJ  792  30 
 8.817e+13, 2.501e-13, 3.190e-14,  56824.7812,  56824.7812,  ,NEOWISE    ,  Mainzer et al. 2014  ApJ  792  30 
 6.517e+13, 2.425e-13, 4.675e-14,  56824.7812,  56824.7812,  ,NEOWISE    ,  Mainzer et al. 2014  ApJ  792  30 
 8.817e+13, 2.628e-13, 2.665e-14,  56825.3750,  56825.3750,  ,NEOWISE    ,  Mainzer et al. 2014  ApJ  792  30 
 6.517e+13, 2.226e-13, 4.165e-14,  56825.3750,  56825.3750,  ,NEOWISE    ,  Mainzer et al. 2014  ApJ  792  30 
 8.817e+13, 2.119e-13, 2.975e-14,  56825.2422,  56825.2422,  ,NEOWISE    ,  Mainzer et al. 2014  ApJ  792  30 
 6.517e+13, 2.083e-13, 4.425e-14,  56825.2422,  56825.2422,  ,NEOWISE    ,  Mainzer et al. 2014  ApJ  792  30 
 8.817e+13, 3.040e-13, 3.845e-14,  58266.9141,  58266.9141,  ,NEOWISE    ,  Mainzer et al. 2014  ApJ  792  30 
 6.517e+13, 2.671e-13, 4.795e-14,  58266.9141,  58266.9141,  ,NEOWISE    ,  Mainzer et al. 2014  ApJ  792  30 
 8.817e+13, 2.871e-13, 2.545e-14,  58266.4570,  58266.4570,  ,NEOWISE    ,  Mainzer et al. 2014  ApJ  792  30 
 6.517e+13, 4.171e-13, 4.310e-14,  58266.4570,  58266.4570,  ,NEOWISE    ,  Mainzer et al. 2014  ApJ  792  30 
 8.817e+13, 3.449e-13, 3.725e-14,  58265.9336,  58265.9336,  ,NEOWISE    ,  Mainzer et al. 2014  ApJ  792  30 
 6.517e+13, 4.811e-13, 5.730e-14,  58265.9336,  58265.9336,  ,NEOWISE    ,  Mainzer et al. 2014  ApJ  792  30 
 8.817e+13, 4.652e-13, 3.345e-14,  58266.5195,  58266.5195,  ,NEOWISE    ,  Mainzer et al. 2014  ApJ  792  30 
 6.517e+13, 2.676e-13, 6.315e-14,  58266.5195,  58266.5195,  ,NEOWISE    ,  Mainzer et al. 2014  ApJ  792  30 
 8.817e+13, 3.355e-13, 3.065e-14,  58266.0625,  58266.0625,  ,NEOWISE    ,  Mainzer et al. 2014  ApJ  792  30 
 6.517e+13, 3.187e-13, 3.800e-14,  58266.0625,  58266.0625,  ,NEOWISE    ,  Mainzer et al. 2014  ApJ  792  30 
 8.817e+13, 2.724e-13, 2.585e-14,  58266.3242,  58266.3242,  ,NEOWISE    ,  Mainzer et al. 2014  ApJ  792  30 
 6.517e+13, 4.217e-13, 4.905e-14,  58266.3242,  58266.3242,  ,NEOWISE    ,  Mainzer et al. 2014  ApJ  792  30 
 8.817e+13, 3.719e-13, 2.675e-14,  58266.7812,  58266.7812,  ,NEOWISE    ,  Mainzer et al. 2014  ApJ  792  30 
 6.517e+13, 3.106e-13, 3.785e-14,  58266.7812,  58266.7812,  ,NEOWISE    ,  Mainzer et al. 2014  ApJ  792  30 
 8.817e+13, 3.605e-13, 2.890e-14,  58266.2578,  58266.2578,  ,NEOWISE    ,  Mainzer et al. 2014  ApJ  792  30 
 6.517e+13, 2.537e-13, 4.600e-14,  58266.2578,  58266.2578,  ,NEOWISE    ,  Mainzer et al. 2014  ApJ  792  30 
 8.817e+13, 2.987e-13, 2.420e-14,  58266.1953,  58266.1953,  ,NEOWISE    ,  Mainzer et al. 2014  ApJ  792  30 
 6.517e+13, 2.823e-13, 3.915e-14,  58266.1953,  58266.1953,  ,NEOWISE    ,  Mainzer et al. 2014  ApJ  792  30 
 8.817e+13, 3.148e-13, 2.785e-14,  57903.3555,  57903.3555,  ,NEOWISE    ,  Mainzer et al. 2014  ApJ  792  30 
 6.517e+13, 3.247e-13, 4.075e-14,  57903.3555,  57903.3555,  ,NEOWISE    ,  Mainzer et al. 2014  ApJ  792  30 
 8.817e+13, 2.317e-13, 2.435e-14,  57902.5039,  57902.5039,  ,NEOWISE    ,  Mainzer et al. 2014  ApJ  792  30 
 6.517e+13, 2.926e-13, 3.865e-14,  57902.5039,  57902.5039,  ,NEOWISE    ,  Mainzer et al. 2014  ApJ  792  30 
 8.817e+13, 2.464e-13, 2.660e-14,  57902.6367,  57902.6367,  ,NEOWISE    ,  Mainzer et al. 2014  ApJ  792  30 
 6.517e+13, 3.124e-13, 4.210e-14,  57902.6367,  57902.6367,  ,NEOWISE    ,  Mainzer et al. 2014  ApJ  792  30 
 8.817e+13, 2.943e-13, 2.500e-14,  57902.8984,  57902.8984,  ,NEOWISE    ,  Mainzer et al. 2014  ApJ  792  30 
 6.517e+13, 3.356e-13, 4.000e-14,  57902.8984,  57902.8984,  ,NEOWISE    ,  Mainzer et al. 2014  ApJ  792  30 
 8.817e+13, 2.941e-13, 2.525e-14,  57903.2266,  57903.2266,  ,NEOWISE    ,  Mainzer et al. 2014  ApJ  792  30 
 6.517e+13, 3.332e-13, 4.740e-14,  57903.2266,  57903.2266,  ,NEOWISE    ,  Mainzer et al. 2014  ApJ  792  30 
 8.817e+13, 2.351e-13, 2.845e-14,  57902.9648,  57902.9648,  ,NEOWISE    ,  Mainzer et al. 2014  ApJ  792  30 
 6.517e+13, 3.262e-13, 3.675e-14,  57902.9648,  57902.9648,  ,NEOWISE    ,  Mainzer et al. 2014  ApJ  792  30 
 8.817e+13, 2.722e-13, 2.535e-14,  58471.5039,  58471.5039,  ,NEOWISE    ,  Mainzer et al. 2014  ApJ  792  30 
 6.517e+13, 3.158e-13, 4.410e-14,  58471.5039,  58471.5039,  ,NEOWISE    ,  Mainzer et al. 2014  ApJ  792  30 
 8.817e+13, 2.186e-13, 3.475e-14,  58471.5703,  58471.5703,  ,NEOWISE    ,  Mainzer et al. 2014  ApJ  792  30 
 6.517e+13, 3.344e-13, 6.320e-14,  58471.5703,  58471.5703,  ,NEOWISE    ,  Mainzer et al. 2014  ApJ  792  30 
 8.817e+13, 2.214e-13, 2.765e-14,  58470.9805,  58470.9805,  ,NEOWISE    ,  Mainzer et al. 2014  ApJ  792  30 
 6.517e+13, 3.247e-13, 4.710e-14,  58470.9805,  58470.9805,  ,NEOWISE    ,  Mainzer et al. 2014  ApJ  792  30 
 8.817e+13, 2.684e-13, 2.600e-14,  58471.4375,  58471.4375,  ,NEOWISE    ,  Mainzer et al. 2014  ApJ  792  30 
 6.517e+13, 3.518e-13, 5.365e-14,  58471.4375,  58471.4375,  ,NEOWISE    ,  Mainzer et al. 2014  ApJ  792  30 
 8.817e+13, 2.308e-13, 2.790e-14,  58471.2422,  58471.2422,  ,NEOWISE    ,  Mainzer et al. 2014  ApJ  792  30 
 6.517e+13, 3.147e-13, 4.275e-14,  58471.2422,  58471.2422,  ,NEOWISE    ,  Mainzer et al. 2014  ApJ  792  30 
 8.817e+13, 3.131e-13, 3.205e-14,  58471.1133,  58471.1133,  ,NEOWISE    ,  Mainzer et al. 2014  ApJ  792  30 
 6.517e+13, 3.061e-13, 4.385e-14,  58471.1133,  58471.1133,  ,NEOWISE    ,  Mainzer et al. 2014  ApJ  792  30 
 8.817e+13, 2.482e-13, 2.680e-14,  58471.3750,  58471.3750,  ,NEOWISE    ,  Mainzer et al. 2014  ApJ  792  30 
 6.517e+13, 2.634e-13, 4.755e-14,  58471.3750,  58471.3750,  ,NEOWISE    ,  Mainzer et al. 2014  ApJ  792  30 
 8.817e+13, 2.573e-13, 2.680e-14,  58471.1133,  58471.1133,  ,NEOWISE    ,  Mainzer et al. 2014  ApJ  792  30 
 6.517e+13, 2.553e-13, 4.635e-14,  58471.1133,  58471.1133,  ,NEOWISE    ,  Mainzer et al. 2014  ApJ  792  30 
 8.817e+13, 2.590e-13, 3.320e-14,  58471.6992,  58471.6992,  ,NEOWISE    ,  Mainzer et al. 2014  ApJ  792  30 
 6.517e+13, 2.257e-13, 4.990e-14,  58471.6992,  58471.6992,  ,NEOWISE    ,  Mainzer et al. 2014  ApJ  792  30 
 8.817e+13, 2.498e-13, 2.720e-14,  58471.8320,  58471.8320,  ,NEOWISE    ,  Mainzer et al. 2014  ApJ  792  30 
 6.517e+13, 2.527e-13, 4.920e-14,  58471.8320,  58471.8320,  ,NEOWISE    ,  Mainzer et al. 2014  ApJ  792  30 
 8.817e+13, 2.984e-13, 2.615e-14,  58471.3086,  58471.3086,  ,NEOWISE    ,  Mainzer et al. 2014  ApJ  792  30 
 6.517e+13, 1.882e-13, 5.210e-14,  58471.3086,  58471.3086,  ,NEOWISE    ,  Mainzer et al. 2014  ApJ  792  30 
 8.817e+13, 3.519e-13, 3.375e-14,  58838.3711,  58838.3711,  ,NEOWISE    ,  Mainzer et al. 2014  ApJ  792  30 
 6.517e+13, 2.810e-13, 5.465e-14,  58838.3711,  58838.3711,  ,NEOWISE    ,  Mainzer et al. 2014  ApJ  792  30 
 8.817e+13, 3.618e-13, 2.870e-14,  58838.5039,  58838.5039,  ,NEOWISE    ,  Mainzer et al. 2014  ApJ  792  30 
 6.517e+13, 3.161e-13, 4.265e-14,  58838.5039,  58838.5039,  ,NEOWISE    ,  Mainzer et al. 2014  ApJ  792  30 
 8.817e+13, 3.452e-13, 3.695e-14,  58838.5664,  58838.5664,  ,NEOWISE    ,  Mainzer et al. 2014  ApJ  792  30 
 6.517e+13, 3.769e-13, 4.735e-14,  58838.5664,  58838.5664,  ,NEOWISE    ,  Mainzer et al. 2014  ApJ  792  30 
 8.817e+13, 2.351e-13, 2.580e-14,  56824.3867,  56824.3867,  ,NEOWISE    ,  Mainzer et al. 2014  ApJ  792  30 
 6.517e+13, 3.384e-13, 3.875e-14,  56824.3867,  56824.3867,  ,NEOWISE    ,  Mainzer et al. 2014  ApJ  792  30 
 8.817e+13, 2.592e-13, 2.295e-14,  58630.5117,  58630.5117,  ,NEOWISE    ,  Mainzer et al. 2014  ApJ  792  30 
 6.517e+13, 2.743e-13, 4.110e-14,  58630.5117,  58630.5117,  ,NEOWISE    ,  Mainzer et al. 2014  ApJ  792  30 
 8.817e+13, 3.018e-13, 2.640e-14,  58630.6445,  58630.6445,  ,NEOWISE    ,  Mainzer et al. 2014  ApJ  792  30 
 6.517e+13, 3.173e-13, 4.840e-14,  58630.6445,  58630.6445,  ,NEOWISE    ,  Mainzer et al. 2014  ApJ  792  30 
 8.817e+13, 2.853e-13, 3.005e-14,  58630.5781,  58630.5781,  ,NEOWISE    ,  Mainzer et al. 2014  ApJ  792  30 
 6.517e+13, 2.171e-13, 0.000e+00,  58630.5781,  58630.5781,UL,NEOWISE     ,  Mainzer et al. 2014  ApJ  792  30 
 8.817e+13, 2.393e-13, 5.945e-14,  58630.8398,  58630.8398,  ,NEOWISE    ,  Mainzer et al. 2014  ApJ  792  30 
 6.517e+13, 2.257e-13, 5.095e-14,  58630.8398,  58630.8398,  ,NEOWISE    ,  Mainzer et al. 2014  ApJ  792  30 
 8.817e+13, 2.687e-13, 2.975e-14,  58631.1016,  58631.1016,  ,NEOWISE    ,  Mainzer et al. 2014  ApJ  792  30 
 6.517e+13, 2.083e-13, 3.355e-14,  58631.1016,  58631.1016,  ,NEOWISE    ,  Mainzer et al. 2014  ApJ  792  30 
 8.817e+13, 1.736e-13, 4.150e-14,  58630.7109,  58630.7109,  ,NEOWISE    ,  Mainzer et al. 2014  ApJ  792  30 
 6.517e+13, 1.914e-13, 3.650e-14,  58630.7109,  58630.7109,  ,NEOWISE    ,  Mainzer et al. 2014  ApJ  792  30 
 8.817e+13, 2.347e-13, 2.510e-14,  58630.9727,  58630.9727,  ,NEOWISE    ,  Mainzer et al. 2014  ApJ  792  30 
 6.517e+13, 2.617e-13, 3.530e-14,  58630.9727,  58630.9727,  ,NEOWISE    ,  Mainzer et al. 2014  ApJ  792  30 
 8.817e+13, 2.662e-13, 2.655e-14,  58995.3008,  58995.3008,  ,NEOWISE    ,  Mainzer et al. 2014  ApJ  792  30 
 6.517e+13, 3.176e-13, 4.310e-14,  58995.3008,  58995.3008,  ,NEOWISE    ,  Mainzer et al. 2014  ApJ  792  30 
 8.817e+13, 2.927e-13, 2.510e-14,  58994.1875,  58994.1875,  ,NEOWISE    ,  Mainzer et al. 2014  ApJ  792  30 
 6.517e+13, 2.771e-13, 5.940e-14,  58994.1875,  58994.1875,  ,NEOWISE    ,  Mainzer et al. 2014  ApJ  792  30 
 8.817e+13, 3.057e-13, 4.240e-14,  58995.3008,  58995.3008,  ,NEOWISE    ,  Mainzer et al. 2014  ApJ  792  30 
 6.517e+13, 2.240e-13, 3.565e-14,  58995.3008,  58995.3008,  ,NEOWISE    ,  Mainzer et al. 2014  ApJ  792  30 
 8.817e+13, 2.433e-13, 2.715e-14,  58995.0391,  58995.0391,  ,NEOWISE    ,  Mainzer et al. 2014  ApJ  792  30 
 6.517e+13, 2.458e-13, 4.485e-14,  58995.0391,  58995.0391,  ,NEOWISE    ,  Mainzer et al. 2014  ApJ  792  30 
 8.817e+13, 2.515e-13, 2.600e-14,  58994.4492,  58994.4492,  ,NEOWISE    ,  Mainzer et al. 2014  ApJ  792  30 
 6.517e+13, 2.651e-13, 4.390e-14,  58994.4492,  58994.4492,  ,NEOWISE    ,  Mainzer et al. 2014  ApJ  792  30 
 8.817e+13, 2.134e-13, 2.500e-14,  58994.9062,  58994.9062,  ,NEOWISE    ,  Mainzer et al. 2014  ApJ  792  30 
 6.517e+13, 3.434e-13, 3.870e-14,  58994.9062,  58994.9062,  ,NEOWISE    ,  Mainzer et al. 2014  ApJ  792  30 
 8.817e+13, 2.202e-13, 2.950e-14,  58994.5820,  58994.5820,  ,NEOWISE    ,  Mainzer et al. 2014  ApJ  792  30 
 6.517e+13, 3.092e-13, 3.365e-14,  58994.5820,  58994.5820,  ,NEOWISE    ,  Mainzer et al. 2014  ApJ  792  30 
 8.817e+13, 2.321e-13, 2.720e-14,  58995.1680,  58995.1680,  ,NEOWISE    ,  Mainzer et al. 2014  ApJ  792  30 
 6.517e+13, 3.381e-13, 5.095e-14,  58995.1680,  58995.1680,  ,NEOWISE    ,  Mainzer et al. 2014  ApJ  792  30 
 8.817e+13, 3.195e-13, 3.715e-14,  58994.7109,  58994.7109,  ,NEOWISE    ,  Mainzer et al. 2014  ApJ  792  30 
 6.517e+13, 2.013e-13, 3.710e-14,  58994.7109,  58994.7109,  ,NEOWISE    ,  Mainzer et al. 2014  ApJ  792  30 
 8.817e+13, 3.245e-13, 3.175e-14,  58994.5820,  58994.5820,  ,NEOWISE    ,  Mainzer et al. 2014  ApJ  792  30 
 6.517e+13, 2.173e-13, 3.760e-14,  58994.5820,  58994.5820,  ,NEOWISE    ,  Mainzer et al. 2014  ApJ  792  30 
 8.817e+13, 2.573e-13, 3.325e-14,  58994.1875,  58994.1875,  ,NEOWISE    ,  Mainzer et al. 2014  ApJ  792  30 
 6.517e+13, 2.452e-13, 3.695e-14,  58994.1875,  58994.1875,  ,NEOWISE    ,  Mainzer et al. 2014  ApJ  792  30 
 8.817e+13, 2.340e-13, 2.310e-14,  58994.6445,  58994.6445,  ,NEOWISE    ,  Mainzer et al. 2014  ApJ  792  30 
 6.517e+13, 1.796e-13, 4.755e-14,  58994.6445,  58994.6445,  ,NEOWISE    ,  Mainzer et al. 2014  ApJ  792  30 
 8.817e+13, 2.023e-13, 2.350e-14,  58994.7773,  58994.7773,  ,NEOWISE    ,  Mainzer et al. 2014  ApJ  792  30 
 6.517e+13, 2.187e-13, 4.135e-14,  58994.7773,  58994.7773,  ,NEOWISE    ,  Mainzer et al. 2014  ApJ  792  30 
 8.817e+13, 1.609e-13, 3.450e-14,  56647.9648,  56647.9648,  ,NEOWISE    ,  Mainzer et al. 2014  ApJ  792  30 
 6.517e+13, 2.758e-13, 4.440e-14,  56647.9648,  56647.9648,  ,NEOWISE    ,  Mainzer et al. 2014  ApJ  792  30 
 8.817e+13, 1.728e-13, 2.815e-14,  56647.6367,  56647.6367,  ,NEOWISE    ,  Mainzer et al. 2014  ApJ  792  30 
 6.517e+13, 2.846e-13, 5.115e-14,  56647.6367,  56647.6367,  ,NEOWISE    ,  Mainzer et al. 2014  ApJ  792  30 
 8.817e+13, 3.568e-13, 3.920e-14,  56648.1641,  56648.1641,  ,NEOWISE    ,  Mainzer et al. 2014  ApJ  792  30 
 6.517e+13, 3.052e-13, 7.350e-14,  56648.1641,  56648.1641,  ,NEOWISE    ,  Mainzer et al. 2014  ApJ  792  30 
 8.817e+13, 2.667e-13, 3.500e-14,  56648.2266,  56648.2266,  ,NEOWISE    ,  Mainzer et al. 2014  ApJ  792  30 
 6.517e+13, 3.918e-13, 5.685e-14,  56648.2266,  56648.2266,  ,NEOWISE    ,  Mainzer et al. 2014  ApJ  792  30 
 8.817e+13, 3.204e-13, 5.100e-14,  56648.3594,  56648.3594,  ,NEOWISE    ,  Mainzer et al. 2014  ApJ  792  30 
 6.517e+13, 2.385e-13, 5.740e-14,  56648.3594,  56648.3594,  ,NEOWISE    ,  Mainzer et al. 2014  ApJ  792  30 
 8.817e+13, 3.207e-13, 3.075e-14,  56648.0312,  56648.0312,  ,NEOWISE    ,  Mainzer et al. 2014  ApJ  792  30 
 6.517e+13, 2.596e-13, 4.325e-14,  56648.0312,  56648.0312,  ,NEOWISE    ,  Mainzer et al. 2014  ApJ  792  30 
 8.817e+13, 2.319e-13, 2.460e-14,  56647.9648,  56647.9648,  ,NEOWISE    ,  Mainzer et al. 2014  ApJ  792  30 
 6.517e+13, 2.365e-13, 3.985e-14,  56647.9648,  56647.9648,  ,NEOWISE    ,  Mainzer et al. 2014  ApJ  792  30 
 8.817e+13, 2.665e-13, 2.560e-14,  56647.7656,  56647.7656,  ,NEOWISE    ,  Mainzer et al. 2014  ApJ  792  30 
 6.517e+13, 4.152e-13, 5.365e-14,  56647.7656,  56647.7656,  ,NEOWISE    ,  Mainzer et al. 2014  ApJ  792  30 
 8.817e+13, 2.840e-13, 2.540e-14,  56647.8984,  56647.8984,  ,NEOWISE    ,  Mainzer et al. 2014  ApJ  792  30 
 6.517e+13, 3.550e-13, 4.855e-14,  56647.8984,  56647.8984,  ,NEOWISE    ,  Mainzer et al. 2014  ApJ  792  30 
 8.817e+13, 2.998e-13, 2.655e-14,  56647.8320,  56647.8320,  ,NEOWISE    ,  Mainzer et al. 2014  ApJ  792  30 
 6.517e+13, 3.650e-13, 5.570e-14,  56647.8320,  56647.8320,  ,NEOWISE    ,  Mainzer et al. 2014  ApJ  792  30 
 8.817e+13, 2.760e-13, 3.390e-14,  56648.0977,  56648.0977,  ,NEOWISE    ,  Mainzer et al. 2014  ApJ  792  30 
 6.517e+13, 2.738e-13, 5.125e-14,  56648.0977,  56648.0977,  ,NEOWISE    ,  Mainzer et al. 2014  ApJ  792  30 
 8.817e+13, 2.908e-13, 2.845e-14,  56648.0977,  56648.0977,  ,NEOWISE    ,  Mainzer et al. 2014  ApJ  792  30 
 6.517e+13, 3.344e-13, 4.885e-14,  56648.0977,  56648.0977,  ,NEOWISE    ,  Mainzer et al. 2014  ApJ  792  30 
 8.817e+13, 2.869e-13, 2.570e-14,  56647.7031,  56647.7031,  ,NEOWISE    ,  Mainzer et al. 2014  ApJ  792  30 
 6.517e+13, 2.950e-13, 3.840e-14,  56647.7031,  56647.7031,  ,NEOWISE    ,  Mainzer et al. 2014  ApJ  792  30 
 8.817e+13, 2.938e-13, 2.660e-14,  56648.2930,  56648.2930,  ,NEOWISE    ,  Mainzer et al. 2014  ApJ  792  30 
 6.517e+13, 3.586e-13, 5.905e-14,  56648.2930,  56648.2930,  ,NEOWISE    ,  Mainzer et al. 2014  ApJ  792  30 
 8.817e+13, 2.515e-13, 2.455e-14,  58630.2500,  58630.2500,  ,NEOWISE    ,  Mainzer et al. 2014  ApJ  792  30 
 6.517e+13, 2.931e-13, 4.280e-14,  58630.2500,  58630.2500,  ,NEOWISE    ,  Mainzer et al. 2014  ApJ  792  30 
 8.817e+13, 2.580e-13, 2.880e-14,  58630.4492,  58630.4492,  ,NEOWISE    ,  Mainzer et al. 2014  ApJ  792  30 
 6.517e+13, 3.086e-13, 3.650e-14,  58630.4492,  58630.4492,  ,NEOWISE    ,  Mainzer et al. 2014  ApJ  792  30 
 8.817e+13, 2.609e-13, 2.355e-14,  58629.9883,  58629.9883,  ,NEOWISE    ,  Mainzer et al. 2014  ApJ  792  30 
 6.517e+13, 2.520e-13, 3.470e-14,  58629.9883,  58629.9883,  ,NEOWISE    ,  Mainzer et al. 2014  ApJ  792  30 
 8.817e+13, 2.325e-13, 2.640e-14,  58630.3828,  58630.3828,  ,NEOWISE    ,  Mainzer et al. 2014  ApJ  792  30 
 6.517e+13, 2.069e-13, 3.655e-14,  58630.3828,  58630.3828,  ,NEOWISE    ,  Mainzer et al. 2014  ApJ  792  30 
 8.817e+13, 2.007e-13, 2.390e-14,  58630.1211,  58630.1211,  ,NEOWISE    ,  Mainzer et al. 2014  ApJ  792  30 
 6.517e+13, 4.194e-13, 5.385e-14,  58630.1211,  58630.1211,  ,NEOWISE    ,  Mainzer et al. 2014  ApJ  792  30 
 8.817e+13, 3.263e-13, 3.010e-14,  59000.7930,  59000.7930,  ,NEOWISE    ,  Mainzer et al. 2014  ApJ  792  30 
 6.517e+13, 2.769e-13, 7.165e-14,  59000.7930,  59000.7930,  ,NEOWISE    ,  Mainzer et al. 2014  ApJ  792  30 
 8.817e+13, 3.549e-13, 4.095e-14,  57907.2188,  57907.2188,  ,NEOWISE    ,  Mainzer et al. 2014  ApJ  792  30 
 6.517e+13, 4.612e-13, 0.000e+00,  57907.2188,  57907.2188,UL,NEOWISE     ,  Mainzer et al. 2014  ApJ  792  30 
 8.817e+13, 2.478e-13, 2.840e-14,  57376.0859,  57376.0859,  ,NEOWISE    ,  Mainzer et al. 2014  ApJ  792  30 
 6.517e+13, 2.488e-13, 3.795e-14,  57376.0859,  57376.0859,  ,NEOWISE    ,  Mainzer et al. 2014  ApJ  792  30 
 8.817e+13, 3.318e-13, 2.970e-14,  57375.6250,  57375.6250,  ,NEOWISE    ,  Mainzer et al. 2014  ApJ  792  30 
 6.517e+13, 2.175e-13, 4.830e-14,  57375.6250,  57375.6250,  ,NEOWISE    ,  Mainzer et al. 2014  ApJ  792  30 
 8.817e+13, 2.266e-13, 2.510e-14,  57376.2148,  57376.2148,  ,NEOWISE    ,  Mainzer et al. 2014  ApJ  792  30 
 6.517e+13, 2.886e-13, 5.890e-14,  57376.2148,  57376.2148,  ,NEOWISE    ,  Mainzer et al. 2014  ApJ  792  30 
 8.817e+13, 3.251e-13, 2.670e-14,  57376.0195,  57376.0195,  ,NEOWISE    ,  Mainzer et al. 2014  ApJ  792  30 
 6.517e+13, 2.589e-13, 4.000e-14,  57376.0195,  57376.0195,  ,NEOWISE    ,  Mainzer et al. 2014  ApJ  792  30 
 8.817e+13, 2.306e-13, 2.425e-14,  57375.7578,  57375.7578,  ,NEOWISE    ,  Mainzer et al. 2014  ApJ  792  30 
 6.517e+13, 2.513e-13, 4.585e-14,  57375.7578,  57375.7578,  ,NEOWISE    ,  Mainzer et al. 2014  ApJ  792  30 
 8.817e+13, 2.694e-13, 2.510e-14,  57375.3633,  57375.3633,  ,NEOWISE    ,  Mainzer et al. 2014  ApJ  792  30 
 6.517e+13, 2.299e-13, 4.065e-14,  57375.3633,  57375.3633,  ,NEOWISE    ,  Mainzer et al. 2014  ApJ  792  30 
 8.817e+13, 2.202e-13, 3.260e-14,  57376.3477,  57376.3477,  ,NEOWISE    ,  Mainzer et al. 2014  ApJ  792  30 
 6.517e+13, 2.043e-13, 3.670e-14,  57376.3477,  57376.3477,  ,NEOWISE    ,  Mainzer et al. 2014  ApJ  792  30 
 8.817e+13, 2.304e-13, 2.530e-14,  57375.8242,  57375.8242,  ,NEOWISE    ,  Mainzer et al. 2014  ApJ  792  30 
 6.517e+13, 3.058e-13, 4.095e-14,  57375.8242,  57375.8242,  ,NEOWISE    ,  Mainzer et al. 2014  ApJ  792  30 
 8.817e+13, 2.046e-13, 2.530e-14,  57375.8906,  57375.8906,  ,NEOWISE    ,  Mainzer et al. 2014  ApJ  792  30 
 6.517e+13, 2.123e-13, 4.890e-14,  57375.8906,  57375.8906,  ,NEOWISE    ,  Mainzer et al. 2014  ApJ  792  30 
 8.817e+13, 2.446e-13, 2.365e-14,  57375.9531,  57375.9531,  ,NEOWISE    ,  Mainzer et al. 2014  ApJ  792  30 
 6.517e+13, 3.098e-13, 4.235e-14,  57375.9531,  57375.9531,  ,NEOWISE    ,  Mainzer et al. 2014  ApJ  792  30 
 8.817e+13, 2.462e-13, 2.405e-14,  57375.4961,  57375.4961,  ,NEOWISE    ,  Mainzer et al. 2014  ApJ  792  30 
 6.517e+13, 2.199e-13, 3.830e-14,  57375.4961,  57375.4961,  ,NEOWISE    ,  Mainzer et al. 2014  ApJ  792  30 
 8.817e+13, 5.263e-13, 3.250e-14,  58107.0586,  58107.0586,  ,NEOWISE    ,  Mainzer et al. 2014  ApJ  792  30 
 6.517e+13, 5.113e-13, 4.195e-14,  58107.0586,  58107.0586,  ,NEOWISE    ,  Mainzer et al. 2014  ApJ  792  30 
 8.817e+13, 3.934e-13, 2.830e-14,  58106.8633,  58106.8633,  ,NEOWISE    ,  Mainzer et al. 2014  ApJ  792  30 
 6.517e+13, 5.314e-13, 4.800e-14,  58106.8633,  58106.8633,  ,NEOWISE    ,  Mainzer et al. 2014  ApJ  792  30 
 8.817e+13, 4.665e-13, 3.570e-14,  58107.3242,  58107.3242,  ,NEOWISE    ,  Mainzer et al. 2014  ApJ  792  30 
 6.517e+13, 3.853e-13, 5.020e-14,  58107.3242,  58107.3242,  ,NEOWISE    ,  Mainzer et al. 2014  ApJ  792  30 
 8.817e+13, 2.874e-13, 3.555e-14,  58107.4531,  58107.4531,  ,NEOWISE    ,  Mainzer et al. 2014  ApJ  792  30 
 6.517e+13, 5.061e-13, 4.155e-14,  58107.4531,  58107.4531,  ,NEOWISE    ,  Mainzer et al. 2014  ApJ  792  30 
 8.817e+13, 4.713e-13, 2.865e-14,  58107.1914,  58107.1914,  ,NEOWISE    ,  Mainzer et al. 2014  ApJ  792  30 
 6.517e+13, 5.061e-13, 5.090e-14,  58107.1914,  58107.1914,  ,NEOWISE    ,  Mainzer et al. 2014  ApJ  792  30 
 8.817e+13, 4.765e-13, 3.295e-14,  58107.2578,  58107.2578,  ,NEOWISE    ,  Mainzer et al. 2014  ApJ  792  30 
 6.517e+13, 3.871e-13, 5.545e-14,  58107.2578,  58107.2578,  ,NEOWISE    ,  Mainzer et al. 2014  ApJ  792  30 
 8.817e+13, 4.980e-13, 3.855e-14,  58107.1250,  58107.1250,  ,NEOWISE    ,  Mainzer et al. 2014  ApJ  792  30 
 6.517e+13, 4.650e-13, 5.365e-14,  58107.1250,  58107.1250,  ,NEOWISE    ,  Mainzer et al. 2014  ApJ  792  30 
 8.817e+13, 4.614e-13, 2.975e-14,  58106.7344,  58106.7344,  ,NEOWISE    ,  Mainzer et al. 2014  ApJ  792  30 
 6.517e+13, 4.833e-13, 5.395e-14,  58106.7344,  58106.7344,  ,NEOWISE    ,  Mainzer et al. 2014  ApJ  792  30 
 8.817e+13, 4.939e-13, 2.915e-14,  58106.9961,  58106.9961,  ,NEOWISE    ,  Mainzer et al. 2014  ApJ  792  30 
 6.517e+13, 4.932e-13, 5.825e-14,  58106.9961,  58106.9961,  ,NEOWISE    ,  Mainzer et al. 2014  ApJ  792  30 
 8.817e+13, 4.093e-13, 3.250e-14,  58107.5859,  58107.5859,  ,NEOWISE    ,  Mainzer et al. 2014  ApJ  792  30 
 6.517e+13, 4.671e-13, 4.435e-14,  58107.5859,  58107.5859,  ,NEOWISE    ,  Mainzer et al. 2014  ApJ  792  30 
 8.817e+13, 4.876e-13, 3.550e-14,  58106.8633,  58106.8633,  ,NEOWISE    ,  Mainzer et al. 2014  ApJ  792  30 
 6.517e+13, 4.659e-13, 5.030e-14,  58106.8633,  58106.8633,  ,NEOWISE    ,  Mainzer et al. 2014  ApJ  792  30 
 8.817e+13, 4.999e-13, 2.900e-14,  58106.6016,  58106.6016,  ,NEOWISE    ,  Mainzer et al. 2014  ApJ  792  30 
 6.517e+13, 5.580e-13, 4.320e-14,  58106.6016,  58106.6016,  ,NEOWISE    ,  Mainzer et al. 2014  ApJ  792  30 
 8.817e+13, 2.675e-13, 2.540e-14,  59202.3672,  59202.3672,  ,NEOWISE    ,  Mainzer et al. 2014  ApJ  792  30 
 6.517e+13, 2.350e-13, 3.980e-14,  59202.3672,  59202.3672,  ,NEOWISE    ,  Mainzer et al. 2014  ApJ  792  30 
 8.817e+13, 1.941e-13, 2.420e-14,  59202.6289,  59202.6289,  ,NEOWISE    ,  Mainzer et al. 2014  ApJ  792  30 
 6.517e+13, 2.149e-13, 0.000e+00,  59202.6289,  59202.6289,UL,NEOWISE     ,  Mainzer et al. 2014  ApJ  792  30 
 8.817e+13, 1.769e-13, 2.470e-14,  59202.6953,  59202.6953,  ,NEOWISE    ,  Mainzer et al. 2014  ApJ  792  30 
 6.517e+13, 1.314e-13, 6.795e-14,  59202.6953,  59202.6953,  ,NEOWISE    ,  Mainzer et al. 2014  ApJ  792  30 
 8.817e+13, 2.287e-13, 2.510e-14,  59203.0859,  59203.0859,  ,NEOWISE    ,  Mainzer et al. 2014  ApJ  792  30 
 6.517e+13, 2.254e-13, 4.790e-14,  59203.0859,  59203.0859,  ,NEOWISE    ,  Mainzer et al. 2014  ApJ  792  30 
 8.817e+13, 2.184e-13, 2.515e-14,  59202.8281,  59202.8281,  ,NEOWISE    ,  Mainzer et al. 2014  ApJ  792  30 
 6.517e+13, 2.183e-13, 4.725e-14,  59202.8281,  59202.8281,  ,NEOWISE    ,  Mainzer et al. 2014  ApJ  792  30 
 8.817e+13, 1.886e-13, 2.455e-14,  59202.1055,  59202.1055,  ,NEOWISE    ,  Mainzer et al. 2014  ApJ  792  30 
 6.517e+13, 1.603e-13, 5.075e-14,  59202.1055,  59202.1055,  ,NEOWISE    ,  Mainzer et al. 2014  ApJ  792  30 
 8.817e+13, 1.587e-13, 2.420e-14,  59202.5664,  59202.5664,  ,NEOWISE    ,  Mainzer et al. 2014  ApJ  792  30 
 6.517e+13, 1.673e-13, 6.850e-14,  59202.5664,  59202.5664,  ,NEOWISE    ,  Mainzer et al. 2014  ApJ  792  30 
 8.817e+13, 2.306e-13, 2.470e-14,  59202.2383,  59202.2383,  ,NEOWISE    ,  Mainzer et al. 2014  ApJ  792  30 
 6.517e+13, 2.888e-13, 5.320e-14,  59202.2383,  59202.2383,  ,NEOWISE    ,  Mainzer et al. 2014  ApJ  792  30 
 8.817e+13, 1.706e-13, 3.175e-14,  59362.2305,  59362.2305,  ,NEOWISE    ,  Mainzer et al. 2014  ApJ  792  30 
 6.517e+13, 2.006e-13, 3.415e-14,  59362.2305,  59362.2305,  ,NEOWISE    ,  Mainzer et al. 2014  ApJ  792  30 
 8.817e+13, 2.119e-13, 2.465e-14,  59361.9727,  59361.9727,  ,NEOWISE    ,  Mainzer et al. 2014  ApJ  792  30 
 6.517e+13, 2.201e-13, 3.725e-14,  59361.9727,  59361.9727,  ,NEOWISE    ,  Mainzer et al. 2014  ApJ  792  30 
 8.817e+13, 2.379e-13, 2.855e-14,  59361.5117,  59361.5117,  ,NEOWISE    ,  Mainzer et al. 2014  ApJ  792  30 
 6.517e+13, 2.721e-13, 4.000e-14,  59361.5117,  59361.5117,  ,NEOWISE    ,  Mainzer et al. 2014  ApJ  792  30 
 8.817e+13, 1.990e-13, 2.295e-14,  59361.3828,  59361.3828,  ,NEOWISE    ,  Mainzer et al. 2014  ApJ  792  30 
 6.517e+13, 2.173e-13, 3.520e-14,  59361.3828,  59361.3828,  ,NEOWISE    ,  Mainzer et al. 2014  ApJ  792  30 
 8.817e+13, 2.204e-13, 2.360e-14,  59361.6445,  59361.6445,  ,NEOWISE    ,  Mainzer et al. 2014  ApJ  792  30 
 6.517e+13, 1.893e-13, 5.260e-14,  59361.6445,  59361.6445,  ,NEOWISE    ,  Mainzer et al. 2014  ApJ  792  30 
 8.817e+13, 2.233e-13, 2.510e-14,  59361.7109,  59361.7109,  ,NEOWISE    ,  Mainzer et al. 2014  ApJ  792  30 
 6.517e+13, 2.374e-13, 4.440e-14,  59361.7109,  59361.7109,  ,NEOWISE    ,  Mainzer et al. 2014  ApJ  792  30 
 8.817e+13, 2.645e-13, 2.755e-14,  59361.7734,  59361.7734,  ,NEOWISE    ,  Mainzer et al. 2014  ApJ  792  30 
 6.517e+13, 2.167e-13, 3.995e-14,  59361.7734,  59361.7734,  ,NEOWISE    ,  Mainzer et al. 2014  ApJ  792  30 
 8.817e+13, 2.505e-13, 3.590e-14,  59361.8398,  59361.8398,  ,NEOWISE    ,  Mainzer et al. 2014  ApJ  792  30 
 6.517e+13, 1.006e-13, 3.663e-14,  59361.8398,  59361.8398,  ,NEOWISE    ,  Mainzer et al. 2014  ApJ  792  30 
 8.817e+13, 2.297e-13, 2.330e-14,  59361.9062,  59361.9062,  ,NEOWISE    ,  Mainzer et al. 2014  ApJ  792  30 
 6.517e+13, 2.313e-13, 3.425e-14,  59361.9062,  59361.9062,  ,NEOWISE    ,  Mainzer et al. 2014  ApJ  792  30 
 8.817e+13, 2.528e-13, 2.400e-14,  59362.1016,  59362.1016,  ,NEOWISE    ,  Mainzer et al. 2014  ApJ  792  30 
 6.517e+13, 1.935e-13, 6.610e-14,  59362.1016,  59362.1016,  ,NEOWISE    ,  Mainzer et al. 2014  ApJ  792  30 
 8.817e+13, 2.262e-13, 2.340e-14,  59361.2539,  59361.2539,  ,NEOWISE    ,  Mainzer et al. 2014  ApJ  792  30 
 6.517e+13, 2.562e-13, 4.700e-14,  59361.2539,  59361.2539,  ,NEOWISE    ,  Mainzer et al. 2014  ApJ  792  30 
 8.817e+13, 1.927e-13, 2.800e-14,  59566.7539,  59566.7539,  ,NEOWISE    ,  Mainzer et al. 2014  ApJ  792  30 
 6.517e+13, 2.862e-13, 4.230e-14,  59566.7539,  59566.7539,  ,NEOWISE    ,  Mainzer et al. 2014  ApJ  792  30 
 8.817e+13, 2.021e-13, 4.465e-14,  59566.8203,  59566.8203,  ,NEOWISE    ,  Mainzer et al. 2014  ApJ  792  30 
 6.517e+13, 2.673e-13, 4.925e-14,  59566.8203,  59566.8203,  ,NEOWISE    ,  Mainzer et al. 2014  ApJ  792  30 
 8.817e+13, 3.099e-13, 3.715e-14,  59567.0156,  59567.0156,  ,NEOWISE    ,  Mainzer et al. 2014  ApJ  792  30 
 6.517e+13, 2.518e-13, 4.430e-14,  59567.0156,  59567.0156,  ,NEOWISE    ,  Mainzer et al. 2014  ApJ  792  30 
 8.817e+13, 2.535e-13, 2.665e-14,  59566.8867,  59566.8867,  ,NEOWISE    ,  Mainzer et al. 2014  ApJ  792  30 
 6.517e+13, 2.548e-13, 4.865e-14,  59566.8867,  59566.8867,  ,NEOWISE    ,  Mainzer et al. 2014  ApJ  792  30 
 8.817e+13, 2.785e-13, 3.680e-14,  59566.5586,  59566.5586,  ,NEOWISE    ,  Mainzer et al. 2014  ApJ  792  30 
 6.517e+13, 2.449e-13, 6.385e-14,  59566.5586,  59566.5586,  ,NEOWISE    ,  Mainzer et al. 2014  ApJ  792  30 
 8.817e+13, 2.225e-13, 3.265e-14,  59567.1445,  59567.1445,  ,NEOWISE    ,  Mainzer et al. 2014  ApJ  792  30 
 6.517e+13, 3.176e-13, 4.550e-14,  59567.1445,  59567.1445,  ,NEOWISE    ,  Mainzer et al. 2014  ApJ  792  30 
 8.817e+13, 3.625e-13, 2.610e-14,  59566.6875,  59566.6875,  ,NEOWISE    ,  Mainzer et al. 2014  ApJ  792  30 
 6.517e+13, 5.019e-13, 6.490e-14,  59566.6875,  59566.6875,  ,NEOWISE    ,  Mainzer et al. 2014  ApJ  792  30 
 8.817e+13, 2.684e-13, 2.475e-14,  59566.4258,  59566.4258,  ,NEOWISE    ,  Mainzer et al. 2014  ApJ  792  30 
 6.517e+13, 3.072e-13, 3.740e-14,  59566.4258,  59566.4258,  ,NEOWISE    ,  Mainzer et al. 2014  ApJ  792  30 
 8.817e+13, 2.827e-13, 2.715e-14,  57183.5977,  57183.5977,  ,NEOWISE    ,  Mainzer et al. 2014  ApJ  792  30 
 6.517e+13, 2.820e-13, 3.780e-14,  57183.5977,  57183.5977,  ,NEOWISE    ,  Mainzer et al. 2014  ApJ  792  30 
 8.817e+13, 1.797e-13, 2.490e-14,  57183.9258,  57183.9258,  ,NEOWISE    ,  Mainzer et al. 2014  ApJ  792  30 
 6.517e+13, 1.745e-13, 3.350e-14,  57183.9258,  57183.9258,  ,NEOWISE    ,  Mainzer et al. 2014  ApJ  792  30 
 8.817e+13, 3.578e-13, 3.735e-14,  57183.7969,  57183.7969,  ,NEOWISE    ,  Mainzer et al. 2014  ApJ  792  30 
 6.517e+13, 1.776e-13, 5.775e-14,  57183.7969,  57183.7969,  ,NEOWISE    ,  Mainzer et al. 2014  ApJ  792  30 
 8.817e+13, 2.908e-13, 3.005e-14,  57183.3359,  57183.3359,  ,NEOWISE    ,  Mainzer et al. 2014  ApJ  792  30 
 6.517e+13, 2.947e-13, 6.070e-14,  57183.3359,  57183.3359,  ,NEOWISE    ,  Mainzer et al. 2014  ApJ  792  30 
 8.817e+13, 2.368e-13, 3.015e-14,  57183.6641,  57183.6641,  ,NEOWISE    ,  Mainzer et al. 2014  ApJ  792  30 
 6.517e+13, 1.179e-13, 3.424e-14,  57183.6641,  57183.6641,  ,NEOWISE    ,  Mainzer et al. 2014  ApJ  792  30 
 8.817e+13, 2.202e-13, 2.720e-14,  57183.7305,  57183.7305,  ,NEOWISE    ,  Mainzer et al. 2014  ApJ  792  30 
 6.517e+13, 2.701e-13, 3.990e-14,  57183.7305,  57183.7305,  ,NEOWISE    ,  Mainzer et al. 2014  ApJ  792  30 
 8.817e+13, 2.144e-13, 3.010e-14,  57183.2031,  57183.2031,  ,NEOWISE    ,  Mainzer et al. 2014  ApJ  792  30 
 6.517e+13, 1.848e-13, 5.045e-14,  57183.2031,  57183.2031,  ,NEOWISE    ,  Mainzer et al. 2014  ApJ  792  30 
 8.817e+13, 2.435e-13, 2.630e-14,  57183.4688,  57183.4688,  ,NEOWISE    ,  Mainzer et al. 2014  ApJ  792  30 
 6.517e+13, 2.163e-13, 3.465e-14,  57183.4688,  57183.4688,  ,NEOWISE    ,  Mainzer et al. 2014  ApJ  792  30 
 8.817e+13, 2.123e-13, 2.845e-14,  57184.0586,  57184.0586,  ,NEOWISE    ,  Mainzer et al. 2014  ApJ  792  30 
 6.517e+13, 2.551e-13, 4.130e-14,  57184.0586,  57184.0586,  ,NEOWISE    ,  Mainzer et al. 2014  ApJ  792  30 
 8.817e+13, 2.842e-13, 2.645e-14,  57184.1875,  57184.1875,  ,NEOWISE    ,  Mainzer et al. 2014  ApJ  792  30 
 6.517e+13, 2.857e-13, 3.750e-14,  57184.1875,  57184.1875,  ,NEOWISE    ,  Mainzer et al. 2014  ApJ  792  30 
 8.817e+13, 2.086e-13, 2.270e-14,  57183.7305,  57183.7305,  ,NEOWISE    ,  Mainzer et al. 2014  ApJ  792  30 
 6.517e+13, 2.646e-13, 3.595e-14,  57183.7305,  57183.7305,  ,NEOWISE    ,  Mainzer et al. 2014  ApJ  792  30 
 8.817e+13, 2.824e-13, 2.975e-14,  57552.2891,  57552.2891,  ,NEOWISE    ,  Mainzer et al. 2014  ApJ  792  30 
 6.517e+13, 3.064e-13, 7.150e-14,  57552.2891,  57552.2891,  ,NEOWISE    ,  Mainzer et al. 2014  ApJ  792  30 
 8.817e+13, 3.392e-13, 2.850e-14,  58835.6250,  58835.6250,  ,NEOWISE    ,  Mainzer et al. 2014  ApJ  792  30 
 6.517e+13, 3.514e-13, 6.745e-14,  58835.6250,  58835.6250,  ,NEOWISE    ,  Mainzer et al. 2014  ApJ  792  30 
 8.817e+13, 3.523e-13, 3.155e-14,  58835.6875,  58835.6875,  ,NEOWISE    ,  Mainzer et al. 2014  ApJ  792  30 
 6.517e+13, 2.698e-13, 5.330e-14,  58835.6875,  58835.6875,  ,NEOWISE    ,  Mainzer et al. 2014  ApJ  792  30 
 8.817e+13, 1.257e-13, 3.327e-14,  58835.1016,  58835.1016,  ,NEOWISE    ,  Mainzer et al. 2014  ApJ  792  30 
 6.517e+13, 3.518e-13, 5.760e-14,  58835.1016,  58835.1016,  ,NEOWISE    ,  Mainzer et al. 2014  ApJ  792  30 
 8.817e+13, 2.390e-13, 2.670e-14,  58835.5586,  58835.5586,  ,NEOWISE    ,  Mainzer et al. 2014  ApJ  792  30 
 6.517e+13, 4.548e-13, 7.025e-14,  58835.5586,  58835.5586,  ,NEOWISE    ,  Mainzer et al. 2014  ApJ  792  30 
 8.817e+13, 3.736e-13, 3.135e-14,  58835.3633,  58835.3633,  ,NEOWISE    ,  Mainzer et al. 2014  ApJ  792  30 
 6.517e+13, 3.714e-13, 6.050e-14,  58835.3633,  58835.3633,  ,NEOWISE    ,  Mainzer et al. 2014  ApJ  792  30 
 8.817e+13, 3.585e-13, 2.875e-14,  58835.8203,  58835.8203,  ,NEOWISE    ,  Mainzer et al. 2014  ApJ  792  30 
 6.517e+13, 3.663e-13, 5.795e-14,  58835.8203,  58835.8203,  ,NEOWISE    ,  Mainzer et al. 2014  ApJ  792  30 
 8.817e+13, 2.264e-13, 2.425e-14,  59726.3828,  59726.3828,  ,NEOWISE    ,  Mainzer et al. 2014  ApJ  792  30 
 6.517e+13, 1.253e-13, 3.541e-14,  59726.3828,  59726.3828,  ,NEOWISE    ,  Mainzer et al. 2014  ApJ  792  30 
 8.817e+13, 2.595e-13, 2.295e-14,  59725.4023,  59725.4023,  ,NEOWISE    ,  Mainzer et al. 2014  ApJ  792  30 
 6.517e+13, 3.027e-13, 4.335e-14,  59725.4023,  59725.4023,  ,NEOWISE    ,  Mainzer et al. 2014  ApJ  792  30 
 8.817e+13, 2.310e-13, 2.755e-14,  58994.8438,  58994.8438,  ,NEOWISE    ,  Mainzer et al. 2014  ApJ  792  30 
 6.517e+13, 2.591e-13, 3.760e-14,  58994.8438,  58994.8438,  ,NEOWISE    ,  Mainzer et al. 2014  ApJ  792  30 
 8.817e+13, 1.990e-13, 2.775e-14,  58994.3203,  58994.3203,  ,NEOWISE    ,  Mainzer et al. 2014  ApJ  792  30 
 6.517e+13, 2.608e-13, 3.710e-14,  58994.3203,  58994.3203,  ,NEOWISE    ,  Mainzer et al. 2014  ApJ  792  30 
 8.817e+13, 2.281e-13, 3.225e-14,  57014.2227,  57014.2227,  ,NEOWISE    ,  Mainzer et al. 2014  ApJ  792  30 
 6.517e+13, 2.211e-13, 3.455e-14,  57014.2227,  57014.2227,  ,NEOWISE    ,  Mainzer et al. 2014  ApJ  792  30 
 8.817e+13, 2.069e-13, 2.540e-14,  57014.0234,  57014.0234,  ,NEOWISE    ,  Mainzer et al. 2014  ApJ  792  30 
 6.517e+13, 2.622e-13, 4.195e-14,  57014.0234,  57014.0234,  ,NEOWISE    ,  Mainzer et al. 2014  ApJ  792  30 
 8.817e+13, 2.503e-13, 2.330e-14,  57013.7617,  57013.7617,  ,NEOWISE    ,  Mainzer et al. 2014  ApJ  792  30 
 6.517e+13, 2.537e-13, 4.935e-14,  57013.7617,  57013.7617,  ,NEOWISE    ,  Mainzer et al. 2014  ApJ  792  30 
 8.817e+13, 1.881e-13, 2.415e-14,  57014.0898,  57014.0898,  ,NEOWISE    ,  Mainzer et al. 2014  ApJ  792  30 
 6.517e+13, 2.463e-13, 3.710e-14,  57014.0898,  57014.0898,  ,NEOWISE    ,  Mainzer et al. 2014  ApJ  792  30 
 8.817e+13, 2.371e-13, 3.260e-14,  57013.6289,  57013.6289,  ,NEOWISE    ,  Mainzer et al. 2014  ApJ  792  30 
 6.517e+13, 2.341e-13, 3.550e-14,  57013.6289,  57013.6289,  ,NEOWISE    ,  Mainzer et al. 2014  ApJ  792  30 
 8.817e+13, 1.764e-13, 2.920e-14,  57013.5000,  57013.5000,  ,NEOWISE    ,  Mainzer et al. 2014  ApJ  792  30 
 6.517e+13, 2.290e-13, 3.710e-14,  57013.5000,  57013.5000,  ,NEOWISE    ,  Mainzer et al. 2014  ApJ  792  30 
 8.817e+13, 2.464e-13, 2.430e-14,  57014.3516,  57014.3516,  ,NEOWISE    ,  Mainzer et al. 2014  ApJ  792  30 
 6.517e+13, 1.404e-13, 3.530e-14,  57014.3516,  57014.3516,  ,NEOWISE    ,  Mainzer et al. 2014  ApJ  792  30 
 8.817e+13, 2.793e-13, 2.500e-14,  57013.9570,  57013.9570,  ,NEOWISE    ,  Mainzer et al. 2014  ApJ  792  30 
 6.517e+13, 2.888e-13, 3.710e-14,  57013.9570,  57013.9570,  ,NEOWISE    ,  Mainzer et al. 2014  ApJ  792  30 
 8.817e+13, 2.847e-13, 2.705e-14,  57013.8281,  57013.8281,  ,NEOWISE    ,  Mainzer et al. 2014  ApJ  792  30 
 6.517e+13, 2.456e-13, 3.630e-14,  57013.8281,  57013.8281,  ,NEOWISE    ,  Mainzer et al. 2014  ApJ  792  30 
 8.817e+13, 2.204e-13, 3.260e-14,  57013.8945,  57013.8945,  ,NEOWISE    ,  Mainzer et al. 2014  ApJ  792  30 
 6.517e+13, 2.693e-13, 5.115e-14,  57013.8945,  57013.8945,  ,NEOWISE    ,  Mainzer et al. 2014  ApJ  792  30 
 8.817e+13, 2.503e-13, 2.660e-14,  57740.1367,  57740.1367,  ,NEOWISE    ,  Mainzer et al. 2014  ApJ  792  30 
 6.517e+13, 3.735e-13, 6.255e-14,  57740.1367,  57740.1367,  ,NEOWISE    ,  Mainzer et al. 2014  ApJ  792  30 
 8.817e+13, 3.284e-13, 2.785e-14,  57740.3984,  57740.3984,  ,NEOWISE    ,  Mainzer et al. 2014  ApJ  792  30 
 6.517e+13, 2.153e-13, 1.118e-13,  57740.3984,  57740.3984,  ,NEOWISE    ,  Mainzer et al. 2014  ApJ  792  30 
 8.817e+13, 2.811e-13, 2.700e-14,  57739.5469,  57739.5469,  ,NEOWISE    ,  Mainzer et al. 2014  ApJ  792  30 
 6.517e+13, 3.052e-13, 4.345e-14,  57739.5469,  57739.5469,  ,NEOWISE    ,  Mainzer et al. 2014  ApJ  792  30 
 8.817e+13, 2.858e-13, 2.740e-14,  57740.0742,  57740.0742,  ,NEOWISE    ,  Mainzer et al. 2014  ApJ  792  30 
 6.517e+13, 2.663e-13, 5.735e-14,  57740.0742,  57740.0742,  ,NEOWISE    ,  Mainzer et al. 2014  ApJ  792  30 
 8.817e+13, 2.916e-13, 2.720e-14,  57739.6797,  57739.6797,  ,NEOWISE    ,  Mainzer et al. 2014  ApJ  792  30 
 6.517e+13, 3.214e-13, 4.605e-14,  57739.6797,  57739.6797,  ,NEOWISE    ,  Mainzer et al. 2014  ApJ  792  30 
 8.817e+13, 2.832e-13, 3.370e-14,  57739.9414,  57739.9414,  ,NEOWISE    ,  Mainzer et al. 2014  ApJ  792  30 
 6.517e+13, 3.011e-13, 4.735e-14,  57739.9414,  57739.9414,  ,NEOWISE    ,  Mainzer et al. 2014  ApJ  792  30 
 8.817e+13, 2.887e-13, 2.875e-14,  57740.2695,  57740.2695,  ,NEOWISE    ,  Mainzer et al. 2014  ApJ  792  30 
 6.517e+13, 3.447e-13, 6.610e-14,  57740.2695,  57740.2695,  ,NEOWISE    ,  Mainzer et al. 2014  ApJ  792  30 
 8.817e+13, 2.631e-13, 2.475e-14,  57739.8125,  57739.8125,  ,NEOWISE    ,  Mainzer et al. 2014  ApJ  792  30 
 6.517e+13, 2.544e-13, 3.810e-14,  57739.8125,  57739.8125,  ,NEOWISE    ,  Mainzer et al. 2014  ApJ  792  30 
 8.817e+13, 2.714e-13, 2.555e-14,  57740.0078,  57740.0078,  ,NEOWISE    ,  Mainzer et al. 2014  ApJ  792  30 
 6.517e+13, 3.434e-13, 4.250e-14,  57740.0078,  57740.0078,  ,NEOWISE    ,  Mainzer et al. 2014  ApJ  792  30 
 8.817e+13, 2.121e-13, 2.525e-14,  59567.1445,  59567.1445,  ,NEOWISE    ,  Mainzer et al. 2014  ApJ  792  30 
 6.517e+13, 2.723e-13, 6.095e-14,  59567.1445,  59567.1445,  ,NEOWISE    ,  Mainzer et al. 2014  ApJ  792  30 
 8.817e+13, 2.471e-13, 2.460e-14,  59567.2773,  59567.2773,  ,NEOWISE    ,  Mainzer et al. 2014  ApJ  792  30 
 6.517e+13, 2.756e-13, 4.335e-14,  59567.2773,  59567.2773,  ,NEOWISE    ,  Mainzer et al. 2014  ApJ  792  30 
 8.817e+13, 1.963e-13, 2.810e-14,  59726.2500,  59726.2500,  ,NEOWISE    ,  Mainzer et al. 2014  ApJ  792  30 
 6.517e+13, 2.534e-13, 4.055e-14,  59726.2500,  59726.2500,  ,NEOWISE    ,  Mainzer et al. 2014  ApJ  792  30 
 8.817e+13, 1.741e-13, 3.800e-14,  59725.8594,  59725.8594,  ,NEOWISE    ,  Mainzer et al. 2014  ApJ  792  30 
 6.517e+13, 1.949e-13, 4.035e-14,  59725.8594,  59725.8594,  ,NEOWISE    ,  Mainzer et al. 2014  ApJ  792  30 
 8.817e+13, 1.629e-13, 2.485e-14,  59726.5117,  59726.5117,  ,NEOWISE    ,  Mainzer et al. 2014  ApJ  792  30 
 6.517e+13, 2.627e-13, 3.790e-14,  59726.5117,  59726.5117,  ,NEOWISE    ,  Mainzer et al. 2014  ApJ  792  30 
 8.817e+13, 2.482e-13, 2.380e-14,  59725.6641,  59725.6641,  ,NEOWISE    ,  Mainzer et al. 2014  ApJ  792  30 
 6.517e+13, 2.185e-13, 3.725e-14,  59725.6641,  59725.6641,  ,NEOWISE    ,  Mainzer et al. 2014  ApJ  792  30 
 8.817e+13, 2.552e-13, 2.380e-14,  59726.0547,  59726.0547,  ,NEOWISE    ,  Mainzer et al. 2014  ApJ  792  30 
 6.517e+13, 2.011e-13, 3.630e-14,  59726.0547,  59726.0547,  ,NEOWISE    ,  Mainzer et al. 2014  ApJ  792  30 
 8.817e+13, 1.672e-13, 2.345e-14,  59726.1211,  59726.1211,  ,NEOWISE    ,  Mainzer et al. 2014  ApJ  792  30 
 6.517e+13, 2.678e-13, 4.435e-14,  59726.1211,  59726.1211,  ,NEOWISE    ,  Mainzer et al. 2014  ApJ  792  30 
 8.817e+13, 2.450e-13, 2.780e-14,  59725.5312,  59725.5312,  ,NEOWISE    ,  Mainzer et al. 2014  ApJ  792  30 
 6.517e+13, 1.626e-13, 3.915e-14,  59725.5312,  59725.5312,  ,NEOWISE    ,  Mainzer et al. 2014  ApJ  792  30 
 8.817e+13, 1.651e-13, 2.520e-14,  59725.9258,  59725.9258,  ,NEOWISE    ,  Mainzer et al. 2014  ApJ  792  30 
 6.517e+13, 2.250e-13, 4.425e-14,  59725.9258,  59725.9258,  ,NEOWISE    ,  Mainzer et al. 2014  ApJ  792  30 
 8.817e+13, 2.466e-13, 2.410e-14,  59725.7930,  59725.7930,  ,NEOWISE    ,  Mainzer et al. 2014  ApJ  792  30 
 6.517e+13, 2.019e-13, 3.435e-14,  59725.7930,  59725.7930,  ,NEOWISE    ,  Mainzer et al. 2014  ApJ  792  30 
 8.817e+13, 2.801e-13, 2.660e-14,  59725.9883,  59725.9883,  ,NEOWISE    ,  Mainzer et al. 2014  ApJ  792  30 
 6.517e+13, 3.313e-13, 6.855e-14,  59725.9883,  59725.9883,  ,NEOWISE    ,  Mainzer et al. 2014  ApJ  792  30 
 8.817e+13, 2.340e-13, 2.745e-14,  58266.9141,  58266.9141,  ,NEOWISE    ,  Mainzer et al. 2014  ApJ  792  30 
 6.517e+13, 3.081e-13, 4.125e-14,  58266.9141,  58266.9141,  ,NEOWISE    ,  Mainzer et al. 2014  ApJ  792  30 
 8.817e+13, 3.248e-13, 3.090e-14,  58265.8008,  58265.8008,  ,NEOWISE    ,  Mainzer et al. 2014  ApJ  792  30 
 6.517e+13, 3.903e-13, 4.575e-14,  58265.8008,  58265.8008,  ,NEOWISE    ,  Mainzer et al. 2014  ApJ  792  30 
 8.817e+13, 3.263e-13, 2.680e-14,  58266.6523,  58266.6523,  ,NEOWISE    ,  Mainzer et al. 2014  ApJ  792  30 
 6.517e+13, 3.940e-13, 4.580e-14,  58266.6523,  58266.6523,  ,NEOWISE    ,  Mainzer et al. 2014  ApJ  792  30 
 8.817e+13, 2.933e-13, 3.655e-14,  58266.3906,  58266.3906,  ,NEOWISE    ,  Mainzer et al. 2014  ApJ  792  30 
 6.517e+13, 2.888e-13, 4.490e-14,  58266.3906,  58266.3906,  ,NEOWISE    ,  Mainzer et al. 2014  ApJ  792  30 
 8.817e+13, 2.599e-13, 2.805e-14,  57740.5312,  57740.5312,  ,NEOWISE    ,  Mainzer et al. 2014  ApJ  792  30 
 6.517e+13, 3.690e-13, 5.490e-14,  57740.5312,  57740.5312,  ,NEOWISE    ,  Mainzer et al. 2014  ApJ  792  30 
 8.817e+13, 3.740e-13, 3.345e-14,  57743.4141,  57743.4141,  ,NEOWISE    ,  Mainzer et al. 2014  ApJ  792  30 
 6.517e+13, 3.253e-13, 5.750e-14,  57743.4141,  57743.4141,  ,NEOWISE    ,  Mainzer et al. 2014  ApJ  792  30 
 8.817e+13, 2.795e-13, 3.175e-14,  57743.3477,  57743.3477,  ,NEOWISE    ,  Mainzer et al. 2014  ApJ  792  30 
 6.517e+13, 3.084e-13, 6.900e-14,  57743.3477,  57743.3477,  ,NEOWISE    ,  Mainzer et al. 2014  ApJ  792  30 
 8.817e+13, 3.802e-13, 3.050e-14,  57740.5312,  57740.5312,  ,NEOWISE    ,  Mainzer et al. 2014  ApJ  792  30 
 6.517e+13, 1.960e-13, 5.915e-14,  57740.5312,  57740.5312,  ,NEOWISE    ,  Mainzer et al. 2014  ApJ  792  30 
 8.817e+13, 3.174e-13, 2.870e-14,  58838.8281,  58838.8281,  ,NEOWISE    ,  Mainzer et al. 2014  ApJ  792  30 
 6.517e+13, 4.043e-13, 4.475e-14,  58838.8281,  58838.8281,  ,NEOWISE    ,  Mainzer et al. 2014  ApJ  792  30 
 8.817e+13, 2.871e-13, 2.675e-14,  58838.3047,  58838.3047,  ,NEOWISE    ,  Mainzer et al. 2014  ApJ  792  30 
 6.517e+13, 3.776e-13, 4.740e-14,  58838.3047,  58838.3047,  ,NEOWISE    ,  Mainzer et al. 2014  ApJ  792  30 
 8.817e+13, 3.386e-13, 2.810e-14,  58838.8281,  58838.8281,  ,NEOWISE    ,  Mainzer et al. 2014  ApJ  792  30 
 6.517e+13, 4.241e-13, 5.560e-14,  58838.8281,  58838.8281,  ,NEOWISE    ,  Mainzer et al. 2014  ApJ  792  30 
 8.817e+13, 3.290e-13, 2.915e-14,  58838.2422,  58838.2422,  ,NEOWISE    ,  Mainzer et al. 2014  ApJ  792  30 
 6.517e+13, 4.103e-13, 7.520e-14,  58838.2422,  58838.2422,  ,NEOWISE    ,  Mainzer et al. 2014  ApJ  792  30 
 8.817e+13, 3.682e-13, 3.430e-14,  58837.9805,  58837.9805,  ,NEOWISE    ,  Mainzer et al. 2014  ApJ  792  30 
 6.517e+13, 4.214e-13, 5.920e-14,  58837.9805,  58837.9805,  ,NEOWISE    ,  Mainzer et al. 2014  ApJ  792  30 
 8.817e+13, 3.726e-13, 2.850e-14,  58838.6992,  58838.6992,  ,NEOWISE    ,  Mainzer et al. 2014  ApJ  792  30 
 6.517e+13, 4.069e-13, 4.395e-14,  58838.6992,  58838.6992,  ,NEOWISE    ,  Mainzer et al. 2014  ApJ  792  30 
 8.817e+13, 4.173e-13, 3.850e-14,  58835.9492,  58835.9492,  ,NEOWISE    ,  Mainzer et al. 2014  ApJ  792  30 
 6.517e+13, 2.309e-13, 6.090e-14,  58835.9492,  58835.9492,  ,NEOWISE    ,  Mainzer et al. 2014  ApJ  792  30 
 8.817e+13, 3.709e-13, 2.940e-14,  58838.1094,  58838.1094,  ,NEOWISE    ,  Mainzer et al. 2014  ApJ  792  30 
 6.517e+13, 3.537e-13, 4.245e-14,  58838.1094,  58838.1094,  ,NEOWISE    ,  Mainzer et al. 2014  ApJ  792  30 
 8.817e+13, 2.571e-13, 2.630e-14,  55359.7188,  55359.7188,  ,WISEME    ,  Wright et al. 2010  AJ  140  1868 
 6.517e+13, 2.493e-13, 3.430e-14,  55359.7188,  55359.7188,  ,WISEME    ,  Wright et al. 2010  AJ  140  1868 
 2.498e+13, 3.538e-13, 0.000e+00,  55359.7188,  55359.7188,UL,WISEME     ,  Wright et al. 2010  AJ  140  1868 
 1.363e+13, 1.122e-12, 0.000e+00,  55359.7188,  55359.7188,UL,WISEME     ,  Wright et al. 2010  AJ  140  1868 
 8.817e+13, 1.925e-13, 2.505e-14,  55360.1836,  55360.1836,  ,WISEME    ,  Wright et al. 2010  AJ  140  1868 
 6.517e+13, 2.504e-13, 3.445e-14,  55360.1836,  55360.1836,  ,WISEME    ,  Wright et al. 2010  AJ  140  1868 
 2.498e+13, 4.149e-13, 0.000e+00,  55360.1836,  55360.1836,UL,WISEME     ,  Wright et al. 2010  AJ  140  1868 
 1.363e+13, 1.820e-12, 0.000e+00,  55360.1836,  55360.1836,UL,WISEME     ,  Wright et al. 2010  AJ  140  1868 
 8.817e+13, 2.190e-13, 2.490e-14,  55360.1172,  55360.1172,  ,WISEME    ,  Wright et al. 2010  AJ  140  1868 
 6.517e+13, 2.337e-13, 3.675e-14,  55360.1172,  55360.1172,  ,WISEME    ,  Wright et al. 2010  AJ  140  1868 
 2.498e+13, 2.886e-13, 1.418e-13,  55360.1172,  55360.1172,  ,WISEME    ,  Wright et al. 2010  AJ  140  1868 
 1.363e+13, 1.193e-12, 0.000e+00,  55360.1172,  55360.1172,UL,WISEME     ,  Wright et al. 2010  AJ  140  1868 
 8.817e+13, 2.510e-13, 2.570e-14,  55360.3164,  55360.3164,  ,WISEME    ,  Wright et al. 2010  AJ  140  1868 
 6.517e+13, 3.253e-13, 3.450e-14,  55360.3164,  55360.3164,  ,WISEME    ,  Wright et al. 2010  AJ  140  1868 
 2.498e+13, 3.464e-13, 0.000e+00,  55360.3164,  55360.3164,UL,WISEME     ,  Wright et al. 2010  AJ  140  1868 
 1.363e+13, 1.019e-12, 4.767e-13,  55360.3164,  55360.3164,  ,WISEME    ,  Wright et al. 2010  AJ  140  1868 
 8.817e+13, 2.291e-13, 2.410e-14,  55360.4453,  55360.4453,  ,WISEME    ,  Wright et al. 2010  AJ  140  1868 
 6.517e+13, 2.009e-13, 4.210e-14,  55360.4453,  55360.4453,  ,WISEME    ,  Wright et al. 2010  AJ  140  1868 
 2.498e+13, 4.541e-13, 0.000e+00,  55360.4453,  55360.4453,UL,WISEME     ,  Wright et al. 2010  AJ  140  1868 
 1.363e+13, 1.049e-12, 0.000e+00,  55360.4453,  55360.4453,UL,WISEME     ,  Wright et al. 2010  AJ  140  1868 
 8.817e+13, 2.382e-13, 2.395e-14,  55360.5781,  55360.5781,  ,WISEME    ,  Wright et al. 2010  AJ  140  1868 
 6.517e+13, 3.457e-13, 3.670e-14,  55360.5781,  55360.5781,  ,WISEME    ,  Wright et al. 2010  AJ  140  1868 
 2.498e+13, 4.222e-13, 0.000e+00,  55360.5781,  55360.5781,UL,WISEME     ,  Wright et al. 2010  AJ  140  1868 
 1.363e+13, 1.459e-12, 0.000e+00,  55360.5781,  55360.5781,UL,WISEME     ,  Wright et al. 2010  AJ  140  1868 
 8.817e+13, 3.189e-13, 2.530e-14,  55360.7109,  55360.7109,  ,WISEME    ,  Wright et al. 2010  AJ  140  1868 
 6.517e+13, 3.138e-13, 3.505e-14,  55360.7109,  55360.7109,  ,WISEME    ,  Wright et al. 2010  AJ  140  1868 
 2.498e+13, 3.784e-13, 0.000e+00,  55360.7109,  55360.7109,UL,WISEME     ,  Wright et al. 2010  AJ  140  1868 
 1.363e+13, 1.459e-12, 0.000e+00,  55360.7109,  55360.7109,UL,WISEME     ,  Wright et al. 2010  AJ  140  1868 
 8.817e+13, 2.941e-13, 2.820e-14,  55548.8516,  55548.8516,  ,WISEME    ,  Wright et al. 2010  AJ  140  1868 
 6.517e+13, 1.437e-13, 3.595e-14,  55548.8516,  55548.8516,  ,WISEME    ,  Wright et al. 2010  AJ  140  1868 
 8.817e+13, 1.966e-13, 2.435e-14,  55548.9805,  55548.9805,  ,WISEME    ,  Wright et al. 2010  AJ  140  1868 
 6.517e+13, 2.363e-13, 3.605e-14,  55548.9805,  55548.9805,  ,WISEME    ,  Wright et al. 2010  AJ  140  1868 
 8.817e+13, 2.130e-13, 2.600e-14,  55549.1133,  55549.1133,  ,WISEME    ,  Wright et al. 2010  AJ  140  1868 
 6.517e+13, 1.849e-13, 4.155e-14,  55549.1133,  55549.1133,  ,WISEME    ,  Wright et al. 2010  AJ  140  1868 
 8.817e+13, 1.925e-13, 2.630e-14,  55549.1797,  55549.1797,  ,WISEME    ,  Wright et al. 2010  AJ  140  1868 
 6.517e+13, 2.060e-13, 3.685e-14,  55549.1797,  55549.1797,  ,WISEME    ,  Wright et al. 2010  AJ  140  1868 
 8.817e+13, 1.736e-13, 2.700e-14,  55549.1797,  55549.1797,  ,WISEME    ,  Wright et al. 2010  AJ  140  1868 
 6.517e+13, 2.277e-13, 3.600e-14,  55549.1797,  55549.1797,  ,WISEME    ,  Wright et al. 2010  AJ  140  1868 
 8.817e+13, 2.036e-13, 2.485e-14,  55549.2461,  55549.2461,  ,WISEME    ,  Wright et al. 2010  AJ  140  1868 
 6.517e+13, 2.659e-13, 3.560e-14,  55549.2461,  55549.2461,  ,WISEME    ,  Wright et al. 2010  AJ  140  1868 
 8.817e+13, 2.144e-13, 2.530e-14,  55549.3125,  55549.3125,  ,WISEME    ,  Wright et al. 2010  AJ  140  1868 
 6.517e+13, 2.558e-13, 3.785e-14,  55549.3125,  55549.3125,  ,WISEME    ,  Wright et al. 2010  AJ  140  1868 
 8.817e+13, 1.862e-13, 3.295e-14,  55549.3789,  55549.3789,  ,WISEME    ,  Wright et al. 2010  AJ  140  1868 
 6.517e+13, 2.328e-13, 3.835e-14,  55549.3789,  55549.3789,  ,WISEME    ,  Wright et al. 2010  AJ  140  1868 
 8.817e+13, 2.237e-13, 3.495e-14,  55549.3789,  55549.3789,  ,WISEME    ,  Wright et al. 2010  AJ  140  1868 
 6.517e+13, 2.452e-13, 3.715e-14,  55549.3789,  55549.3789,  ,WISEME    ,  Wright et al. 2010  AJ  140  1868 
 8.817e+13, 2.144e-13, 2.515e-14,  55549.4453,  55549.4453,  ,WISEME    ,  Wright et al. 2010  AJ  140  1868 
 6.517e+13, 1.624e-13, 3.945e-14,  55549.4453,  55549.4453,  ,WISEME    ,  Wright et al. 2010  AJ  140  1868 
 8.817e+13, 1.633e-13, 2.660e-14,  55549.5781,  55549.5781,  ,WISEME    ,  Wright et al. 2010  AJ  140  1868 
 6.517e+13, 2.131e-13, 3.690e-14,  55549.5781,  55549.5781,  ,WISEME    ,  Wright et al. 2010  AJ  140  1868 
 8.817e+13, 2.535e-13, 2.645e-14,  55549.7109,  55549.7109,  ,WISEME    ,  Wright et al. 2010  AJ  140  1868 
 6.517e+13, 2.118e-13, 3.470e-14,  55549.7109,  55549.7109,  ,WISEME    ,  Wright et al. 2010  AJ  140  1868 
 8.817e+13, 2.247e-13, 2.445e-14,  55359.8516,  55359.8516,  ,WISEME    ,  Wright et al. 2010  AJ  140  1868 
 6.517e+13, 2.506e-13, 3.660e-14,  55359.8516,  55359.8516,  ,WISEME    ,  Wright et al. 2010  AJ  140  1868 
 2.498e+13, 3.876e-13, 0.000e+00,  55359.8516,  55359.8516,UL,WISEME     ,  Wright et al. 2010  AJ  140  1868 
 1.363e+13, 1.281e-12, 0.000e+00,  55359.8516,  55359.8516,UL,WISEME     ,  Wright et al. 2010  AJ  140  1868 
 8.817e+13, 2.590e-13, 2.555e-14,  55359.9844,  55359.9844,  ,WISEME    ,  Wright et al. 2010  AJ  140  1868 
 6.517e+13, 2.883e-13, 4.290e-14,  55359.9844,  55359.9844,  ,WISEME    ,  Wright et al. 2010  AJ  140  1868 
 2.498e+13, 3.238e-13, 1.166e-13,  55359.9844,  55359.9844,  ,WISEME    ,  Wright et al. 2010  AJ  140  1868 
 1.363e+13, 8.838e-13, 0.000e+00,  55359.9844,  55359.9844,UL,WISEME     ,  Wright et al. 2010  AJ  140  1868 
 8.817e+13, 2.426e-13, 2.530e-14,  55360.0508,  55360.0508,  ,WISEME    ,  Wright et al. 2010  AJ  140  1868 
 6.517e+13, 2.570e-13, 3.490e-14,  55360.0508,  55360.0508,  ,WISEME    ,  Wright et al. 2010  AJ  140  1868 
 2.498e+13, 3.940e-13, 0.000e+00,  55360.0508,  55360.0508,UL,WISEME     ,  Wright et al. 2010  AJ  140  1868 
 1.363e+13, 7.790e-13, 0.000e+00,  55360.0508,  55360.0508,UL,WISEME     ,  Wright et al. 2010  AJ  140  1868 
 8.817e+13, 2.662e-13, 2.700e-14,  55360.2500,  55360.2500,  ,WISEME    ,  Wright et al. 2010  AJ  140  1868 
 6.517e+13, 1.758e-13, 3.705e-14,  55360.2500,  55360.2500,  ,WISEME    ,  Wright et al. 2010  AJ  140  1868 
 2.498e+13, 3.688e-13, 0.000e+00,  55360.2500,  55360.2500,UL,WISEME     ,  Wright et al. 2010  AJ  140  1868 
 1.363e+13, 1.176e-12, 4.052e-13,  55360.2500,  55360.2500,  ,WISEME    ,  Wright et al. 2010  AJ  140  1868 
 4.455e+14, 4.013e-13, 0.000e+00,  55000.0000,  55000.0000,  ,GAIA    ,  The Gaia Collaboration 2016  A&A  595  A2 
 6.813e+14, 4.405e-13, 1.754e-13,  55000.0000,  55000.0000,  ,HSTGSC    ,  Lasker et al. 2008  AJ  136  735 
 6.233e+14, 5.614e-13, 1.260e-14,  55000.0000,  55000.0000,  ,PanSTARRS    ,  Flewelling et al. 2020  ApJS  251  7 
 4.859e+14, 4.759e-13, 5.650e-15,  55000.0000,  55000.0000,  ,PanSTARRS    ,  Flewelling et al. 2020  ApJS  251  7 
 3.987e+14, 4.267e-13, 1.735e-14,  55000.0000,  55000.0000,  ,PanSTARRS    ,  Flewelling et al. 2020  ApJS  251  7 
 3.462e+14, 3.143e-13, 7.500e-15,  55000.0000,  55000.0000,  ,PanSTARRS    ,  Flewelling et al. 2020  ApJS  251  7 
 3.116e+14, 3.909e-13, 1.930e-14,  55000.0000,  55000.0000,  ,PanSTARRS    ,  Flewelling et al. 2020  ApJS  251  7 
 4.850e+09, 5.578e-15, 1.115e-15,  55000.0000,  55000.0000,  ,SPECFINDV3    ,  Stein et al.  2021  A&A  655  A17 
 3.650e+08, 1.486e-15, 2.955e-16,  55000.0000,  55000.0000,  ,SPECFINDV3    ,  Stein et al.  2021  A&A  655  A17 
 1.400e+09, 2.674e-15, 5.320e-16,  55000.0000,  55000.0000,  ,SPECFINDV3    ,  Stein et al.  2021  A&A  655  A17 
 1.500e+08, 8.910e-16, 1.800e-16,  55000.0000,  55000.0000,  ,SPECFINDV3    ,  Stein et al.  2021  A&A  655  A17 
 2.000e+08, 1.028e-15, 2.000e-16,  55000.0000,  55000.0000,  ,SPECFINDV3    ,  Stein et al.  2021  A&A  655  A17 
 8.400e+07, 8.397e-16, 5.130e-17,  55000.0000,  55000.0000,  ,GLEAMV2    ,  Hurley-Walker N. et al.  2017  MNRAS  464  1146. 
 9.200e+07, 8.287e-16, 4.915e-17,  55000.0000,  55000.0000,  ,GLEAMV2    ,  Hurley-Walker N. et al.  2017  MNRAS  464  1146. 
 9.900e+07, 8.755e-16, 4.655e-17,  55000.0000,  55000.0000,  ,GLEAMV2    ,  Hurley-Walker N. et al.  2017  MNRAS  464  1146. 
 1.070e+08, 8.906e-16, 4.855e-17,  55000.0000,  55000.0000,  ,GLEAMV2    ,  Hurley-Walker N. et al.  2017  MNRAS  464  1146. 
 1.150e+08, 8.993e-16, 4.075e-17,  55000.0000,  55000.0000,  ,GLEAMV2    ,  Hurley-Walker N. et al.  2017  MNRAS  464  1146. 
 1.220e+08, 8.833e-16, 3.975e-17,  55000.0000,  55000.0000,  ,GLEAMV2    ,  Hurley-Walker N. et al.  2017  MNRAS  464  1146. 
 1.300e+08, 9.457e-16, 4.030e-17,  55000.0000,  55000.0000,  ,GLEAMV2    ,  Hurley-Walker N. et al.  2017  MNRAS  464  1146. 
 1.430e+08, 9.805e-16, 3.645e-17,  55000.0000,  55000.0000,  ,GLEAMV2    ,  Hurley-Walker N. et al.  2017  MNRAS  464  1146. 
 1.510e+08, 9.705e-16, 3.530e-17,  55000.0000,  55000.0000,  ,GLEAMV2    ,  Hurley-Walker N. et al.  2017  MNRAS  464  1146. 
 1.580e+08, 9.337e-16, 3.315e-17,  55000.0000,  55000.0000,  ,GLEAMV2    ,  Hurley-Walker N. et al.  2017  MNRAS  464  1146. 
 1.660e+08, 9.388e-16, 3.405e-17,  55000.0000,  55000.0000,  ,GLEAMV2    ,  Hurley-Walker N. et al.  2017  MNRAS  464  1146. 
 1.740e+08, 9.915e-16, 3.060e-17,  55000.0000,  55000.0000,  ,GLEAMV2    ,  Hurley-Walker N. et al.  2017  MNRAS  464  1146. 
 1.810e+08, 9.412e-16, 2.705e-17,  55000.0000,  55000.0000,  ,GLEAMV2    ,  Hurley-Walker N. et al.  2017  MNRAS  464  1146. 
 1.890e+08, 9.741e-16, 2.675e-17,  55000.0000,  55000.0000,  ,GLEAMV2    ,  Hurley-Walker N. et al.  2017  MNRAS  464  1146. 
 1.970e+08, 9.863e-16, 2.670e-17,  55000.0000,  55000.0000,  ,GLEAMV2    ,  Hurley-Walker N. et al.  2017  MNRAS  464  1146. 
 2.040e+08, 9.675e-16, 2.965e-17,  55000.0000,  55000.0000,  ,GLEAMV2    ,  Hurley-Walker N. et al.  2017  MNRAS  464  1146. 
 2.120e+08, 1.058e-15, 2.950e-17,  55000.0000,  55000.0000,  ,GLEAMV2    ,  Hurley-Walker N. et al.  2017  MNRAS  464  1146. 
 2.200e+08, 9.955e-16, 2.970e-17,  55000.0000,  55000.0000,  ,GLEAMV2    ,  Hurley-Walker N. et al.  2017  MNRAS  464  1146. 
 2.270e+08, 9.232e-16, 3.515e-17,  55000.0000,  55000.0000,  ,GLEAMV2    ,  Hurley-Walker N. et al.  2017  MNRAS  464  1146. 
