freq. ,flux ,err_flux ,MJD_start ,MJD_end ,flag,catalog,reference
 8.870e+08, 1.018e-15, 7.650e-17,  55000.0000,  55000.0000,  ,RACS    ,  Hale et al. 2021  PASA  38  e058 
 3.000e+09, 1.340e-15, 1.900e-17,  55000.0000,  55000.0000,  ,VLASSQL    ,  Gordon et al. 2021  ApJS  255  30 
 3.000e+09, 1.391e-15, 1.850e-17,  55000.0000,  55000.0000,  ,VLASSQL    ,  Gordon et al. 2021  ApJS  255  30 
 2.418e+17, 3.182e-13, 1.105e-13,  55000.0000,  55000.0000,  ,RASS    ,  Boller et al. 2016  A&A  103  1 
 1.500e+08, 3.468e-16, 3.525e-17,  55000.0000,  55000.0000,  ,TGSS150    ,  Intema et al. 2017  A&A  598  A781 
 3.520e+08, 6.794e-16, 1.445e-17,  55000.0000,  55000.0000,  ,WISH352    ,  De Bruce et al. 2002  A&A  394  59 
 3.520e+08, 8.131e-16, 1.445e-17,  55000.0000,  55000.0000,  ,WISH352    ,  De Bruce et al. 2002  A&A  394  59 
 8.817e+13, 3.236e-13, 2.900e-15,  55000.0000,  55000.0000,  ,UNWISE    ,  Schlafly et al. 2019  ApJS  240  30 
 6.517e+13, 2.550e-13, 3.800e-15,  55000.0000,  55000.0000,  ,UNWISE    ,  Schlafly et al. 2019  ApJS  240  30 
 8.817e+13, 5.739e-13, 1.430e-14,  55000.0000,  55000.0000,  ,WISE    ,  Wright et al. 2010  AJ  140  1868 
 6.517e+13, 3.144e-13, 1.130e-14,  55000.0000,  55000.0000,  ,WISE    ,  Wright et al. 2010  AJ  140  1868 
 2.498e+13, 1.087e-13, 3.345e-14,  55000.0000,  55000.0000,  ,WISE    ,  Wright et al. 2010  AJ  140  1868 
 1.363e+13, 4.604e-13, 1.289e-13,  55000.0000,  55000.0000,  ,WISE    ,  Wright et al. 2010  AJ  140  1868 
 8.817e+13, 2.995e-13, 2.930e-14,  56816.6211,  56816.6211,  ,NEOWISE    ,  Mainzer et al. 2014  ApJ  792  30 
 6.517e+13, 2.339e-13, 4.775e-14,  56816.6211,  56816.6211,  ,NEOWISE    ,  Mainzer et al. 2014  ApJ  792  30 
 8.817e+13, 6.818e-13, 4.970e-14,  56816.7539,  56816.7539,  ,NEOWISE    ,  Mainzer et al. 2014  ApJ  792  30 
 6.517e+13, 1.245e-13, 4.226e-14,  56816.7539,  56816.7539,  ,NEOWISE    ,  Mainzer et al. 2014  ApJ  792  30 
 8.817e+13, 5.635e-13, 3.580e-14,  56817.4766,  56817.4766,  ,NEOWISE    ,  Mainzer et al. 2014  ApJ  792  30 
 6.517e+13, 2.771e-13, 3.660e-14,  56817.4766,  56817.4766,  ,NEOWISE    ,  Mainzer et al. 2014  ApJ  792  30 
 8.817e+13, 4.158e-13, 2.910e-14,  56816.8828,  56816.8828,  ,NEOWISE    ,  Mainzer et al. 2014  ApJ  792  30 
 6.517e+13, 1.309e-13, 4.421e-14,  56816.8828,  56816.8828,  ,NEOWISE    ,  Mainzer et al. 2014  ApJ  792  30 
 8.817e+13, 6.718e-13, 5.020e-14,  56817.3438,  56817.3438,  ,NEOWISE    ,  Mainzer et al. 2014  ApJ  792  30 
 6.517e+13, 3.095e-13, 6.140e-14,  56817.3438,  56817.3438,  ,NEOWISE    ,  Mainzer et al. 2014  ApJ  792  30 
 8.817e+13, 6.121e-13, 3.665e-14,  56816.8203,  56816.8203,  ,NEOWISE    ,  Mainzer et al. 2014  ApJ  792  30 
 6.517e+13, 3.295e-13, 4.015e-14,  56816.8203,  56816.8203,  ,NEOWISE    ,  Mainzer et al. 2014  ApJ  792  30 
 8.817e+13, 5.481e-13, 3.285e-14,  56817.2148,  56817.2148,  ,NEOWISE    ,  Mainzer et al. 2014  ApJ  792  30 
 6.517e+13, 3.700e-13, 4.510e-14,  56817.2148,  56817.2148,  ,NEOWISE    ,  Mainzer et al. 2014  ApJ  792  30 
 8.817e+13, 5.059e-13, 3.125e-14,  56817.0820,  56817.0820,  ,NEOWISE    ,  Mainzer et al. 2014  ApJ  792  30 
 6.517e+13, 2.967e-13, 4.495e-14,  56817.0820,  56817.0820,  ,NEOWISE    ,  Mainzer et al. 2014  ApJ  792  30 
 8.817e+13, 5.182e-13, 3.150e-14,  56816.3594,  56816.3594,  ,NEOWISE    ,  Mainzer et al. 2014  ApJ  792  30 
 6.517e+13, 1.814e-13, 4.715e-14,  56816.3594,  56816.3594,  ,NEOWISE    ,  Mainzer et al. 2014  ApJ  792  30 
 8.817e+13, 4.127e-13, 3.195e-14,  56816.9492,  56816.9492,  ,NEOWISE    ,  Mainzer et al. 2014  ApJ  792  30 
 6.517e+13, 2.721e-13, 4.280e-14,  56816.9492,  56816.9492,  ,NEOWISE    ,  Mainzer et al. 2014  ApJ  792  30 
 8.817e+13, 6.247e-13, 3.855e-14,  57175.5898,  57175.5898,  ,NEOWISE    ,  Mainzer et al. 2014  ApJ  792  30 
 6.517e+13, 3.583e-13, 3.600e-14,  57175.5898,  57175.5898,  ,NEOWISE    ,  Mainzer et al. 2014  ApJ  792  30 
 8.817e+13, 6.178e-13, 3.360e-14,  57175.3281,  57175.3281,  ,NEOWISE    ,  Mainzer et al. 2014  ApJ  792  30 
 6.517e+13, 3.921e-13, 4.415e-14,  57175.3281,  57175.3281,  ,NEOWISE    ,  Mainzer et al. 2014  ApJ  792  30 
 8.817e+13, 5.640e-13, 2.805e-14,  57175.7852,  57175.7852,  ,NEOWISE    ,  Mainzer et al. 2014  ApJ  792  30 
 6.517e+13, 2.713e-13, 4.240e-14,  57175.7852,  57175.7852,  ,NEOWISE    ,  Mainzer et al. 2014  ApJ  792  30 
 8.817e+13, 6.608e-13, 2.860e-14,  57175.7227,  57175.7227,  ,NEOWISE    ,  Mainzer et al. 2014  ApJ  792  30 
 6.517e+13, 3.479e-13, 3.465e-14,  57175.7227,  57175.7227,  ,NEOWISE    ,  Mainzer et al. 2014  ApJ  792  30 
 8.817e+13, 5.723e-13, 3.480e-14,  57175.5898,  57175.5898,  ,NEOWISE    ,  Mainzer et al. 2014  ApJ  792  30 
 6.517e+13, 3.636e-13, 3.590e-14,  57175.5898,  57175.5898,  ,NEOWISE    ,  Mainzer et al. 2014  ApJ  792  30 
 8.817e+13, 5.966e-13, 2.915e-14,  57175.9180,  57175.9180,  ,NEOWISE    ,  Mainzer et al. 2014  ApJ  792  30 
 6.517e+13, 2.956e-13, 4.510e-14,  57175.9180,  57175.9180,  ,NEOWISE    ,  Mainzer et al. 2014  ApJ  792  30 
 8.817e+13, 6.380e-13, 3.060e-14,  57175.1953,  57175.1953,  ,NEOWISE    ,  Mainzer et al. 2014  ApJ  792  30 
 6.517e+13, 3.613e-13, 3.630e-14,  57175.1953,  57175.1953,  ,NEOWISE    ,  Mainzer et al. 2014  ApJ  792  30 
 8.817e+13, 6.281e-13, 3.240e-14,  57175.5234,  57175.5234,  ,NEOWISE    ,  Mainzer et al. 2014  ApJ  792  30 
 6.517e+13, 4.144e-13, 4.285e-14,  57175.5234,  57175.5234,  ,NEOWISE    ,  Mainzer et al. 2014  ApJ  792  30 
 8.817e+13, 6.230e-13, 2.810e-14,  57175.8516,  57175.8516,  ,NEOWISE    ,  Mainzer et al. 2014  ApJ  792  30 
 6.517e+13, 3.044e-13, 3.795e-14,  57175.8516,  57175.8516,  ,NEOWISE    ,  Mainzer et al. 2014  ApJ  792  30 
 8.817e+13, 6.201e-13, 3.540e-14,  57003.4453,  57003.4453,  ,NEOWISE    ,  Mainzer et al. 2014  ApJ  792  30 
 6.517e+13, 1.376e-13, 5.022e-14,  57003.4453,  57003.4453,  ,NEOWISE    ,  Mainzer et al. 2014  ApJ  792  30 
 8.817e+13, 6.121e-13, 3.270e-14,  57002.9844,  57002.9844,  ,NEOWISE    ,  Mainzer et al. 2014  ApJ  792  30 
 6.517e+13, 3.815e-13, 4.510e-14,  57002.9844,  57002.9844,  ,NEOWISE    ,  Mainzer et al. 2014  ApJ  792  30 
 8.817e+13, 5.949e-13, 2.965e-14,  57003.5781,  57003.5781,  ,NEOWISE    ,  Mainzer et al. 2014  ApJ  792  30 
 6.517e+13, 3.271e-13, 4.990e-14,  57003.5781,  57003.5781,  ,NEOWISE    ,  Mainzer et al. 2014  ApJ  792  30 
 8.817e+13, 6.082e-13, 3.140e-14,  57003.7070,  57003.7070,  ,NEOWISE    ,  Mainzer et al. 2014  ApJ  792  30 
 6.517e+13, 3.663e-13, 5.760e-14,  57003.7070,  57003.7070,  ,NEOWISE    ,  Mainzer et al. 2014  ApJ  792  30 
 8.817e+13, 6.900e-13, 3.880e-14,  57003.8398,  57003.8398,  ,NEOWISE    ,  Mainzer et al. 2014  ApJ  792  30 
 6.517e+13, 3.544e-13, 5.275e-14,  57003.8398,  57003.8398,  ,NEOWISE    ,  Mainzer et al. 2014  ApJ  792  30 
 8.817e+13, 6.410e-13, 3.070e-14,  57003.3164,  57003.3164,  ,NEOWISE    ,  Mainzer et al. 2014  ApJ  792  30 
 6.517e+13, 4.356e-13, 5.310e-14,  57003.3164,  57003.3164,  ,NEOWISE    ,  Mainzer et al. 2014  ApJ  792  30 
 8.817e+13, 6.178e-13, 4.045e-14,  57003.5117,  57003.5117,  ,NEOWISE    ,  Mainzer et al. 2014  ApJ  792  30 
 6.517e+13, 2.958e-13, 6.485e-14,  57003.5117,  57003.5117,  ,NEOWISE    ,  Mainzer et al. 2014  ApJ  792  30 
 8.817e+13, 6.037e-13, 3.615e-14,  57003.5781,  57003.5781,  ,NEOWISE    ,  Mainzer et al. 2014  ApJ  792  30 
 6.517e+13, 3.247e-13, 4.740e-14,  57003.5781,  57003.5781,  ,NEOWISE    ,  Mainzer et al. 2014  ApJ  792  30 
 8.817e+13, 5.971e-13, 2.975e-14,  57003.2500,  57003.2500,  ,NEOWISE    ,  Mainzer et al. 2014  ApJ  792  30 
 6.517e+13, 3.690e-13, 4.460e-14,  57003.2500,  57003.2500,  ,NEOWISE    ,  Mainzer et al. 2014  ApJ  792  30 
 8.817e+13, 6.996e-13, 3.480e-14,  57003.9727,  57003.9727,  ,NEOWISE    ,  Mainzer et al. 2014  ApJ  792  30 
 6.517e+13, 3.256e-13, 4.510e-14,  57003.9727,  57003.9727,  ,NEOWISE    ,  Mainzer et al. 2014  ApJ  792  30 
 8.817e+13, 6.201e-13, 3.030e-14,  58096.1328,  58096.1328,  ,NEOWISE    ,  Mainzer et al. 2014  ApJ  792  30 
 6.517e+13, 3.794e-13, 5.190e-14,  58096.1328,  58096.1328,  ,NEOWISE    ,  Mainzer et al. 2014  ApJ  792  30 
 8.817e+13, 6.224e-13, 3.095e-14,  58096.4570,  58096.4570,  ,NEOWISE    ,  Mainzer et al. 2014  ApJ  792  30 
 6.517e+13, 3.466e-13, 4.000e-14,  58096.4570,  58096.4570,  ,NEOWISE    ,  Mainzer et al. 2014  ApJ  792  30 
 8.817e+13, 6.138e-13, 3.280e-14,  58096.2617,  58096.2617,  ,NEOWISE    ,  Mainzer et al. 2014  ApJ  792  30 
 6.517e+13, 1.340e-13, 6.049e-14,  58096.2617,  58096.2617,  ,NEOWISE    ,  Mainzer et al. 2014  ApJ  792  30 
 8.817e+13, 6.241e-13, 2.875e-14,  57895.4961,  57895.4961,  ,NEOWISE    ,  Mainzer et al. 2014  ApJ  792  30 
 6.517e+13, 3.495e-13, 3.450e-14,  57895.4961,  57895.4961,  ,NEOWISE    ,  Mainzer et al. 2014  ApJ  792  30 
 8.817e+13, 5.787e-13, 3.040e-14,  58261.8711,  58261.8711,  ,NEOWISE    ,  Mainzer et al. 2014  ApJ  792  30 
 6.517e+13, 3.434e-13, 5.850e-14,  58261.8711,  58261.8711,  ,NEOWISE    ,  Mainzer et al. 2014  ApJ  792  30 
 8.817e+13, 7.886e-13, 4.435e-14,  58622.5938,  58622.5938,  ,NEOWISE    ,  Mainzer et al. 2014  ApJ  792  30 
 6.517e+13, 3.164e-13, 4.120e-14,  58622.5938,  58622.5938,  ,NEOWISE    ,  Mainzer et al. 2014  ApJ  792  30 
 8.817e+13, 7.087e-13, 4.245e-14,  58622.2695,  58622.2695,  ,NEOWISE    ,  Mainzer et al. 2014  ApJ  792  30 
 6.517e+13, 3.126e-13, 4.565e-14,  58622.2695,  58622.2695,  ,NEOWISE    ,  Mainzer et al. 2014  ApJ  792  30 
 8.817e+13, 6.380e-13, 2.995e-14,  58622.4648,  58622.4648,  ,NEOWISE    ,  Mainzer et al. 2014  ApJ  792  30 
 6.517e+13, 2.972e-13, 4.255e-14,  58622.4648,  58622.4648,  ,NEOWISE    ,  Mainzer et al. 2014  ApJ  792  30 
 8.817e+13, 6.316e-13, 2.855e-14,  58622.7266,  58622.7266,  ,NEOWISE    ,  Mainzer et al. 2014  ApJ  792  30 
 6.517e+13, 2.659e-13, 5.575e-14,  58622.7266,  58622.7266,  ,NEOWISE    ,  Mainzer et al. 2014  ApJ  792  30 
 8.817e+13, 5.949e-13, 2.905e-14,  58622.3984,  58622.3984,  ,NEOWISE    ,  Mainzer et al. 2014  ApJ  792  30 
 6.517e+13, 3.773e-13, 4.630e-14,  58622.3984,  58622.3984,  ,NEOWISE    ,  Mainzer et al. 2014  ApJ  792  30 
 8.817e+13, 5.999e-13, 4.260e-14,  57534.7266,  57534.7266,  ,NEOWISE    ,  Mainzer et al. 2014  ApJ  792  30 
 6.517e+13, 3.126e-13, 4.885e-14,  57534.7266,  57534.7266,  ,NEOWISE    ,  Mainzer et al. 2014  ApJ  792  30 
 8.817e+13, 6.369e-13, 3.695e-14,  57534.9883,  57534.9883,  ,NEOWISE    ,  Mainzer et al. 2014  ApJ  792  30 
 6.517e+13, 2.953e-13, 3.380e-14,  57534.9883,  57534.9883,  ,NEOWISE    ,  Mainzer et al. 2014  ApJ  792  30 
 8.817e+13, 6.010e-13, 2.880e-14,  57534.2656,  57534.2656,  ,NEOWISE    ,  Mainzer et al. 2014  ApJ  792  30 
 6.517e+13, 2.828e-13, 6.490e-14,  57534.2656,  57534.2656,  ,NEOWISE    ,  Mainzer et al. 2014  ApJ  792  30 
 8.817e+13, 6.369e-13, 3.285e-14,  57534.4648,  57534.4648,  ,NEOWISE    ,  Mainzer et al. 2014  ApJ  792  30 
 6.517e+13, 3.940e-13, 3.890e-14,  57534.4648,  57534.4648,  ,NEOWISE    ,  Mainzer et al. 2014  ApJ  792  30 
 8.817e+13, 6.127e-13, 3.050e-14,  57535.1172,  57535.1172,  ,NEOWISE    ,  Mainzer et al. 2014  ApJ  792  30 
 6.517e+13, 3.428e-13, 3.575e-14,  57535.1172,  57535.1172,  ,NEOWISE    ,  Mainzer et al. 2014  ApJ  792  30 
 8.817e+13, 6.694e-13, 3.085e-14,  57534.3984,  57534.3984,  ,NEOWISE    ,  Mainzer et al. 2014  ApJ  792  30 
 6.517e+13, 3.498e-13, 3.745e-14,  57534.3984,  57534.3984,  ,NEOWISE    ,  Mainzer et al. 2014  ApJ  792  30 
 8.817e+13, 6.602e-13, 3.100e-14,  57534.1367,  57534.1367,  ,NEOWISE    ,  Mainzer et al. 2014  ApJ  792  30 
 6.517e+13, 2.763e-13, 3.625e-14,  57534.1367,  57534.1367,  ,NEOWISE    ,  Mainzer et al. 2014  ApJ  792  30 
 8.817e+13, 6.010e-13, 3.160e-14,  57534.0039,  57534.0039,  ,NEOWISE    ,  Mainzer et al. 2014  ApJ  792  30 
 6.517e+13, 3.825e-13, 3.740e-14,  57534.0039,  57534.0039,  ,NEOWISE    ,  Mainzer et al. 2014  ApJ  792  30 
 8.817e+13, 5.491e-13, 3.185e-14,  57534.8555,  57534.8555,  ,NEOWISE    ,  Mainzer et al. 2014  ApJ  792  30 
 6.517e+13, 3.650e-13, 4.040e-14,  57534.8555,  57534.8555,  ,NEOWISE    ,  Mainzer et al. 2014  ApJ  792  30 
 8.817e+13, 6.201e-13, 2.970e-14,  57534.6602,  57534.6602,  ,NEOWISE    ,  Mainzer et al. 2014  ApJ  792  30 
 6.517e+13, 3.344e-13, 3.490e-14,  57534.6602,  57534.6602,  ,NEOWISE    ,  Mainzer et al. 2014  ApJ  792  30 
 8.817e+13, 5.933e-13, 3.170e-14,  57534.5312,  57534.5312,  ,NEOWISE    ,  Mainzer et al. 2014  ApJ  792  30 
 6.517e+13, 4.148e-13, 3.595e-14,  57534.5312,  57534.5312,  ,NEOWISE    ,  Mainzer et al. 2014  ApJ  792  30 
 8.817e+13, 5.782e-13, 2.985e-14,  57534.5938,  57534.5938,  ,NEOWISE    ,  Mainzer et al. 2014  ApJ  792  30 
 6.517e+13, 3.745e-13, 3.560e-14,  57534.5938,  57534.5938,  ,NEOWISE    ,  Mainzer et al. 2014  ApJ  792  30 
 8.817e+13, 7.272e-13, 4.690e-14,  58827.9062,  58827.9062,  ,NEOWISE    ,  Mainzer et al. 2014  ApJ  792  30 
 6.517e+13, 3.836e-13, 4.535e-14,  58827.9062,  58827.9062,  ,NEOWISE    ,  Mainzer et al. 2014  ApJ  792  30 
 8.817e+13, 6.088e-13, 3.310e-14,  58827.5156,  58827.5156,  ,NEOWISE    ,  Mainzer et al. 2014  ApJ  792  30 
 6.517e+13, 3.680e-13, 3.805e-14,  58827.5156,  58827.5156,  ,NEOWISE    ,  Mainzer et al. 2014  ApJ  792  30 
 8.817e+13, 5.878e-13, 3.465e-14,  58828.3672,  58828.3672,  ,NEOWISE    ,  Mainzer et al. 2014  ApJ  792  30 
 6.517e+13, 1.973e-13, 4.415e-14,  58828.3672,  58828.3672,  ,NEOWISE    ,  Mainzer et al. 2014  ApJ  792  30 
 8.817e+13, 5.660e-13, 2.975e-14,  58827.9727,  58827.9727,  ,NEOWISE    ,  Mainzer et al. 2014  ApJ  792  30 
 6.517e+13, 4.710e-13, 5.650e-14,  58827.9727,  58827.9727,  ,NEOWISE    ,  Mainzer et al. 2014  ApJ  792  30 
 8.817e+13, 6.345e-13, 3.040e-14,  58828.1055,  58828.1055,  ,NEOWISE    ,  Mainzer et al. 2014  ApJ  792  30 
 6.517e+13, 3.369e-13, 4.390e-14,  58828.1055,  58828.1055,  ,NEOWISE    ,  Mainzer et al. 2014  ApJ  792  30 
 8.817e+13, 5.351e-13, 3.600e-14,  58827.7773,  58827.7773,  ,NEOWISE    ,  Mainzer et al. 2014  ApJ  792  30 
 6.517e+13, 3.301e-13, 5.220e-14,  58827.7773,  58827.7773,  ,NEOWISE    ,  Mainzer et al. 2014  ApJ  792  30 
 8.817e+13, 6.172e-13, 3.240e-14,  58827.6445,  58827.6445,  ,NEOWISE    ,  Mainzer et al. 2014  ApJ  792  30 
 6.517e+13, 3.925e-13, 7.015e-14,  58827.6445,  58827.6445,  ,NEOWISE    ,  Mainzer et al. 2014  ApJ  792  30 
 8.817e+13, 5.406e-13, 2.990e-14,  58827.8438,  58827.8438,  ,NEOWISE    ,  Mainzer et al. 2014  ApJ  792  30 
 6.517e+13, 3.011e-13, 4.090e-14,  58827.8438,  58827.8438,  ,NEOWISE    ,  Mainzer et al. 2014  ApJ  792  30 
 8.817e+13, 5.681e-13, 2.930e-14,  58622.5312,  58622.5312,  ,NEOWISE    ,  Mainzer et al. 2014  ApJ  792  30 
 6.517e+13, 3.277e-13, 3.685e-14,  58622.5312,  58622.5312,  ,NEOWISE    ,  Mainzer et al. 2014  ApJ  792  30 
 8.817e+13, 5.776e-13, 3.140e-14,  58622.6602,  58622.6602,  ,NEOWISE    ,  Mainzer et al. 2014  ApJ  792  30 
 6.517e+13, 3.316e-13, 3.640e-14,  58622.6602,  58622.6602,  ,NEOWISE    ,  Mainzer et al. 2014  ApJ  792  30 
 8.817e+13, 5.619e-13, 2.745e-14,  58622.0078,  58622.0078,  ,NEOWISE    ,  Mainzer et al. 2014  ApJ  792  30 
 6.517e+13, 3.687e-13, 6.005e-14,  58622.0078,  58622.0078,  ,NEOWISE    ,  Mainzer et al. 2014  ApJ  792  30 
 8.817e+13, 6.523e-13, 3.485e-14,  58622.5312,  58622.5312,  ,NEOWISE    ,  Mainzer et al. 2014  ApJ  792  30 
 6.517e+13, 2.784e-13, 4.040e-14,  58622.5312,  58622.5312,  ,NEOWISE    ,  Mainzer et al. 2014  ApJ  792  30 
 8.817e+13, 5.687e-13, 2.830e-14,  58622.8555,  58622.8555,  ,NEOWISE    ,  Mainzer et al. 2014  ApJ  792  30 
 6.517e+13, 3.301e-13, 4.545e-14,  58622.8555,  58622.8555,  ,NEOWISE    ,  Mainzer et al. 2014  ApJ  792  30 
 8.817e+13, 5.814e-13, 2.945e-14,  58622.3320,  58622.3320,  ,NEOWISE    ,  Mainzer et al. 2014  ApJ  792  30 
 6.517e+13, 2.280e-13, 4.755e-14,  58622.3320,  58622.3320,  ,NEOWISE    ,  Mainzer et al. 2014  ApJ  792  30 
 8.817e+13, 6.010e-13, 4.045e-14,  58836.0859,  58836.0859,  ,NEOWISE    ,  Mainzer et al. 2014  ApJ  792  30 
 6.517e+13, 3.907e-13, 7.125e-14,  58836.0859,  58836.0859,  ,NEOWISE    ,  Mainzer et al. 2014  ApJ  792  30 
 8.817e+13, 6.071e-13, 3.355e-14,  59195.1797,  59195.1797,  ,NEOWISE    ,  Mainzer et al. 2014  ApJ  792  30 
 6.517e+13, 3.244e-13, 5.285e-14,  59195.1797,  59195.1797,  ,NEOWISE    ,  Mainzer et al. 2014  ApJ  792  30 
 8.817e+13, 6.224e-13, 3.040e-14,  59194.5234,  59194.5234,  ,NEOWISE    ,  Mainzer et al. 2014  ApJ  792  30 
 6.517e+13, 2.558e-13, 5.720e-14,  59194.5234,  59194.5234,  ,NEOWISE    ,  Mainzer et al. 2014  ApJ  792  30 
 8.817e+13, 4.862e-13, 2.910e-14,  59194.6562,  59194.6562,  ,NEOWISE    ,  Mainzer et al. 2014  ApJ  792  30 
 6.517e+13, 3.244e-13, 5.160e-14,  59194.6562,  59194.6562,  ,NEOWISE    ,  Mainzer et al. 2014  ApJ  792  30 
 8.817e+13, 5.702e-13, 3.630e-14,  59195.0469,  59195.0469,  ,NEOWISE    ,  Mainzer et al. 2014  ApJ  792  30 
 6.517e+13, 3.473e-13, 5.490e-14,  59195.0469,  59195.0469,  ,NEOWISE    ,  Mainzer et al. 2014  ApJ  792  30 
 8.817e+13, 6.351e-13, 3.100e-14,  59195.2461,  59195.2461,  ,NEOWISE    ,  Mainzer et al. 2014  ApJ  792  30 
 6.517e+13, 2.886e-13, 5.375e-14,  59195.2461,  59195.2461,  ,NEOWISE    ,  Mainzer et al. 2014  ApJ  792  30 
 8.817e+13, 6.253e-13, 3.285e-14,  59195.5039,  59195.5039,  ,NEOWISE    ,  Mainzer et al. 2014  ApJ  792  30 
 6.517e+13, 3.857e-13, 4.415e-14,  59195.5039,  59195.5039,  ,NEOWISE    ,  Mainzer et al. 2014  ApJ  792  30 
 8.817e+13, 5.955e-13, 3.020e-14,  59194.7852,  59194.7852,  ,NEOWISE    ,  Mainzer et al. 2014  ApJ  792  30 
 6.517e+13, 4.031e-13, 4.055e-14,  59194.7852,  59194.7852,  ,NEOWISE    ,  Mainzer et al. 2014  ApJ  792  30 
 8.817e+13, 6.127e-13, 3.330e-14,  59194.6562,  59194.6562,  ,NEOWISE    ,  Mainzer et al. 2014  ApJ  792  30 
 6.517e+13, 2.711e-13, 3.930e-14,  59194.6562,  59194.6562,  ,NEOWISE    ,  Mainzer et al. 2014  ApJ  792  30 
 8.817e+13, 5.191e-13, 2.775e-14,  59194.7852,  59194.7852,  ,NEOWISE    ,  Mainzer et al. 2014  ApJ  792  30 
 6.517e+13, 3.707e-13, 5.900e-14,  59194.7852,  59194.7852,  ,NEOWISE    ,  Mainzer et al. 2014  ApJ  792  30 
 8.817e+13, 6.004e-13, 3.100e-14,  59195.1133,  59195.1133,  ,NEOWISE    ,  Mainzer et al. 2014  ApJ  792  30 
 6.517e+13, 3.078e-13, 4.010e-14,  59195.1133,  59195.1133,  ,NEOWISE    ,  Mainzer et al. 2014  ApJ  792  30 
 8.817e+13, 6.099e-13, 3.035e-14,  59194.8516,  59194.8516,  ,NEOWISE    ,  Mainzer et al. 2014  ApJ  792  30 
 6.517e+13, 3.092e-13, 3.965e-14,  59194.8516,  59194.8516,  ,NEOWISE    ,  Mainzer et al. 2014  ApJ  792  30 
 8.817e+13, 5.988e-13, 3.530e-14,  59195.3750,  59195.3750,  ,NEOWISE    ,  Mainzer et al. 2014  ApJ  792  30 
 6.517e+13, 2.723e-13, 5.375e-14,  59195.3750,  59195.3750,  ,NEOWISE    ,  Mainzer et al. 2014  ApJ  792  30 
 8.817e+13, 6.150e-13, 3.455e-14,  59194.9844,  59194.9844,  ,NEOWISE    ,  Mainzer et al. 2014  ApJ  792  30 
 6.517e+13, 3.185e-13, 4.295e-14,  59194.9844,  59194.9844,  ,NEOWISE    ,  Mainzer et al. 2014  ApJ  792  30 
 8.817e+13, 4.930e-13, 3.090e-14,  59350.9219,  59350.9219,  ,NEOWISE    ,  Mainzer et al. 2014  ApJ  792  30 
 6.517e+13, 3.208e-13, 3.820e-14,  59350.9219,  59350.9219,  ,NEOWISE    ,  Mainzer et al. 2014  ApJ  792  30 
 8.817e+13, 4.912e-13, 4.350e-14,  59350.8594,  59350.8594,  ,NEOWISE    ,  Mainzer et al. 2014  ApJ  792  30 
 6.517e+13, 2.726e-13, 6.615e-14,  59350.8594,  59350.8594,  ,NEOWISE    ,  Mainzer et al. 2014  ApJ  792  30 
 8.817e+13, 5.629e-13, 2.800e-14,  59350.7930,  59350.7930,  ,NEOWISE    ,  Mainzer et al. 2014  ApJ  792  30 
 6.517e+13, 3.338e-13, 4.410e-14,  59350.7930,  59350.7930,  ,NEOWISE    ,  Mainzer et al. 2014  ApJ  792  30 
 8.817e+13, 6.184e-13, 2.960e-14,  59351.0547,  59351.0547,  ,NEOWISE    ,  Mainzer et al. 2014  ApJ  792  30 
 6.517e+13, 3.193e-13, 4.190e-14,  59351.0547,  59351.0547,  ,NEOWISE    ,  Mainzer et al. 2014  ApJ  792  30 
 8.817e+13, 6.010e-13, 3.160e-14,  59350.6602,  59350.6602,  ,NEOWISE    ,  Mainzer et al. 2014  ApJ  792  30 
 6.517e+13, 3.580e-13, 3.830e-14,  59350.6602,  59350.6602,  ,NEOWISE    ,  Mainzer et al. 2014  ApJ  792  30 
 8.817e+13, 5.609e-13, 3.360e-14,  59351.1172,  59351.1172,  ,NEOWISE    ,  Mainzer et al. 2014  ApJ  792  30 
 6.517e+13, 3.479e-13, 3.755e-14,  59351.1172,  59351.1172,  ,NEOWISE    ,  Mainzer et al. 2014  ApJ  792  30 
 8.817e+13, 6.172e-13, 2.955e-14,  59350.7266,  59350.7266,  ,NEOWISE    ,  Mainzer et al. 2014  ApJ  792  30 
 6.517e+13, 2.804e-13, 3.965e-14,  59350.7266,  59350.7266,  ,NEOWISE    ,  Mainzer et al. 2014  ApJ  792  30 
 8.817e+13, 5.999e-13, 3.040e-14,  59351.2500,  59351.2500,  ,NEOWISE    ,  Mainzer et al. 2014  ApJ  792  30 
 6.517e+13, 3.283e-13, 3.635e-14,  59351.2500,  59351.2500,  ,NEOWISE    ,  Mainzer et al. 2014  ApJ  792  30 
 8.817e+13, 5.013e-13, 3.465e-14,  59351.3789,  59351.3789,  ,NEOWISE    ,  Mainzer et al. 2014  ApJ  792  30 
 6.517e+13, 2.899e-13, 3.590e-14,  59351.3789,  59351.3789,  ,NEOWISE    ,  Mainzer et al. 2014  ApJ  792  30 
 8.817e+13, 5.687e-13, 4.140e-14,  59350.3984,  59350.3984,  ,NEOWISE    ,  Mainzer et al. 2014  ApJ  792  30 
 6.517e+13, 2.836e-13, 5.545e-14,  59350.3984,  59350.3984,  ,NEOWISE    ,  Mainzer et al. 2014  ApJ  792  30 
 8.817e+13, 5.278e-13, 3.405e-14,  59350.5312,  59350.5312,  ,NEOWISE    ,  Mainzer et al. 2014  ApJ  792  30 
 6.517e+13, 2.632e-13, 4.630e-14,  59350.5312,  59350.5312,  ,NEOWISE    ,  Mainzer et al. 2014  ApJ  792  30 
 8.817e+13, 5.692e-13, 3.200e-14,  59351.1172,  59351.1172,  ,NEOWISE    ,  Mainzer et al. 2014  ApJ  792  30 
 6.517e+13, 3.138e-13, 4.060e-14,  59351.1172,  59351.1172,  ,NEOWISE    ,  Mainzer et al. 2014  ApJ  792  30 
 8.817e+13, 6.644e-13, 3.675e-14,  59351.3789,  59351.3789,  ,NEOWISE    ,  Mainzer et al. 2014  ApJ  792  30 
 6.517e+13, 2.348e-13, 3.345e-14,  59351.3789,  59351.3789,  ,NEOWISE    ,  Mainzer et al. 2014  ApJ  792  30 
 8.817e+13, 7.146e-13, 3.160e-14,  59559.1797,  59559.1797,  ,NEOWISE    ,  Mainzer et al. 2014  ApJ  792  30 
 6.517e+13, 3.415e-13, 4.445e-14,  59559.1797,  59559.1797,  ,NEOWISE    ,  Mainzer et al. 2014  ApJ  792  30 
 8.817e+13, 6.517e-13, 3.420e-14,  59558.8516,  59558.8516,  ,NEOWISE    ,  Mainzer et al. 2014  ApJ  792  30 
 6.517e+13, 2.686e-13, 8.005e-14,  59558.8516,  59558.8516,  ,NEOWISE    ,  Mainzer et al. 2014  ApJ  792  30 
 8.817e+13, 6.178e-13, 3.300e-14,  59558.9805,  59558.9805,  ,NEOWISE    ,  Mainzer et al. 2014  ApJ  792  30 
 6.517e+13, 3.061e-13, 4.045e-14,  59558.9805,  59558.9805,  ,NEOWISE    ,  Mainzer et al. 2014  ApJ  792  30 
 8.817e+13, 6.875e-13, 3.675e-14,  59559.2422,  59559.2422,  ,NEOWISE    ,  Mainzer et al. 2014  ApJ  792  30 
 6.517e+13, 2.934e-13, 4.395e-14,  59559.2422,  59559.2422,  ,NEOWISE    ,  Mainzer et al. 2014  ApJ  792  30 
 8.817e+13, 7.126e-13, 3.810e-14,  59559.6992,  59559.6992,  ,NEOWISE    ,  Mainzer et al. 2014  ApJ  792  30 
 6.517e+13, 3.843e-13, 4.220e-14,  59559.6992,  59559.6992,  ,NEOWISE    ,  Mainzer et al. 2014  ApJ  792  30 
 8.817e+13, 5.960e-13, 3.080e-14,  59559.0469,  59559.0469,  ,NEOWISE    ,  Mainzer et al. 2014  ApJ  792  30 
 6.517e+13, 3.473e-13, 3.975e-14,  59559.0469,  59559.0469,  ,NEOWISE    ,  Mainzer et al. 2014  ApJ  792  30 
 8.817e+13, 6.099e-13, 3.540e-14,  59559.1133,  59559.1133,  ,NEOWISE    ,  Mainzer et al. 2014  ApJ  792  30 
 6.517e+13, 1.946e-13, 4.870e-14,  59559.1133,  59559.1133,  ,NEOWISE    ,  Mainzer et al. 2014  ApJ  792  30 
 8.817e+13, 6.276e-13, 3.645e-14,  59558.9805,  59558.9805,  ,NEOWISE    ,  Mainzer et al. 2014  ApJ  792  30 
 6.517e+13, 3.387e-13, 4.315e-14,  59558.9805,  59558.9805,  ,NEOWISE    ,  Mainzer et al. 2014  ApJ  792  30 
 8.817e+13, 6.644e-13, 3.180e-14,  57175.4570,  57175.4570,  ,NEOWISE    ,  Mainzer et al. 2014  ApJ  792  30 
 6.517e+13, 3.313e-13, 3.395e-14,  57175.4570,  57175.4570,  ,NEOWISE    ,  Mainzer et al. 2014  ApJ  792  30 
 8.817e+13, 7.756e-13, 4.790e-14,  57175.6562,  57175.6562,  ,NEOWISE    ,  Mainzer et al. 2014  ApJ  792  30 
 6.517e+13, 3.244e-13, 3.415e-14,  57175.6562,  57175.6562,  ,NEOWISE    ,  Mainzer et al. 2014  ApJ  792  30 
 8.817e+13, 6.451e-13, 2.910e-14,  57176.1797,  57176.1797,  ,NEOWISE    ,  Mainzer et al. 2014  ApJ  792  30 
 6.517e+13, 3.773e-13, 4.665e-14,  57176.1797,  57176.1797,  ,NEOWISE    ,  Mainzer et al. 2014  ApJ  792  30 
 8.817e+13, 5.167e-13, 3.050e-14,  58096.3945,  58096.3945,  ,NEOWISE    ,  Mainzer et al. 2014  ApJ  792  30 
 6.517e+13, 3.518e-13, 4.320e-14,  58096.3945,  58096.3945,  ,NEOWISE    ,  Mainzer et al. 2014  ApJ  792  30 
 8.817e+13, 6.632e-13, 3.485e-14,  58827.9062,  58827.9062,  ,NEOWISE    ,  Mainzer et al. 2014  ApJ  792  30 
 6.517e+13, 3.229e-13, 5.290e-14,  58827.9062,  58827.9062,  ,NEOWISE    ,  Mainzer et al. 2014  ApJ  792  30 
 8.817e+13, 6.212e-13, 4.355e-14,  58986.7969,  58986.7969,  ,NEOWISE    ,  Mainzer et al. 2014  ApJ  792  30 
 6.517e+13, 3.438e-13, 4.415e-14,  58986.7969,  58986.7969,  ,NEOWISE    ,  Mainzer et al. 2014  ApJ  792  30 
 8.817e+13, 5.391e-13, 3.030e-14,  58986.5352,  58986.5352,  ,NEOWISE    ,  Mainzer et al. 2014  ApJ  792  30 
 6.517e+13, 2.815e-13, 3.640e-14,  58986.5352,  58986.5352,  ,NEOWISE    ,  Mainzer et al. 2014  ApJ  792  30 
 8.817e+13, 5.999e-13, 3.425e-14,  58096.9805,  58096.9805,  ,NEOWISE    ,  Mainzer et al. 2014  ApJ  792  30 
 6.517e+13, 3.208e-13, 4.865e-14,  58096.9805,  58096.9805,  ,NEOWISE    ,  Mainzer et al. 2014  ApJ  792  30 
 8.817e+13, 5.666e-13, 2.975e-14,  58099.5352,  58099.5352,  ,NEOWISE    ,  Mainzer et al. 2014  ApJ  792  30 
 6.517e+13, 2.497e-13, 5.000e-14,  58099.5352,  58099.5352,  ,NEOWISE    ,  Mainzer et al. 2014  ApJ  792  30 
 8.817e+13, 5.830e-13, 3.170e-14,  58096.6562,  58096.6562,  ,NEOWISE    ,  Mainzer et al. 2014  ApJ  792  30 
 6.517e+13, 2.883e-13, 4.510e-14,  58096.6562,  58096.6562,  ,NEOWISE    ,  Mainzer et al. 2014  ApJ  792  30 
 8.817e+13, 5.927e-13, 3.220e-14,  58099.3398,  58099.3398,  ,NEOWISE    ,  Mainzer et al. 2014  ApJ  792  30 
 6.517e+13, 3.304e-13, 3.595e-14,  58099.3398,  58099.3398,  ,NEOWISE    ,  Mainzer et al. 2014  ApJ  792  30 
 8.817e+13, 6.172e-13, 3.300e-14,  58099.9922,  58099.9922,  ,NEOWISE    ,  Mainzer et al. 2014  ApJ  792  30 
 6.517e+13, 3.359e-13, 3.940e-14,  58099.9922,  58099.9922,  ,NEOWISE    ,  Mainzer et al. 2014  ApJ  792  30 
 8.817e+13, 6.718e-13, 3.345e-14,  58099.8633,  58099.8633,  ,NEOWISE    ,  Mainzer et al. 2014  ApJ  792  30 
 6.517e+13, 3.534e-13, 4.470e-14,  58099.8633,  58099.8633,  ,NEOWISE    ,  Mainzer et al. 2014  ApJ  792  30 
 8.817e+13, 6.082e-13, 3.025e-14,  58096.5898,  58096.5898,  ,NEOWISE    ,  Mainzer et al. 2014  ApJ  792  30 
 6.517e+13, 2.771e-13, 4.280e-14,  58096.5898,  58096.5898,  ,NEOWISE    ,  Mainzer et al. 2014  ApJ  792  30 
 8.817e+13, 5.225e-13, 3.035e-14,  58096.5234,  58096.5234,  ,NEOWISE    ,  Mainzer et al. 2014  ApJ  792  30 
 6.517e+13, 2.723e-13, 4.075e-14,  58096.5234,  58096.5234,  ,NEOWISE    ,  Mainzer et al. 2014  ApJ  792  30 
 8.817e+13, 6.184e-13, 3.020e-14,  58099.2734,  58099.2734,  ,NEOWISE    ,  Mainzer et al. 2014  ApJ  792  30 
 6.517e+13, 3.954e-13, 3.980e-14,  58099.2734,  58099.2734,  ,NEOWISE    ,  Mainzer et al. 2014  ApJ  792  30 
 8.817e+13, 6.445e-13, 2.970e-14,  58099.7305,  58099.7305,  ,NEOWISE    ,  Mainzer et al. 2014  ApJ  792  30 
 6.517e+13, 3.780e-13, 3.975e-14,  58099.7305,  58099.7305,  ,NEOWISE    ,  Mainzer et al. 2014  ApJ  792  30 
 8.817e+13, 6.475e-13, 3.045e-14,  58096.8516,  58096.8516,  ,NEOWISE    ,  Mainzer et al. 2014  ApJ  792  30 
 6.517e+13, 3.843e-13, 4.900e-14,  58096.8516,  58096.8516,  ,NEOWISE    ,  Mainzer et al. 2014  ApJ  792  30 
 8.817e+13, 6.469e-13, 3.100e-14,  58099.0117,  58099.0117,  ,NEOWISE    ,  Mainzer et al. 2014  ApJ  792  30 
 6.517e+13, 3.738e-13, 4.175e-14,  58099.0117,  58099.0117,  ,NEOWISE    ,  Mainzer et al. 2014  ApJ  792  30 
 8.817e+13, 6.144e-13, 3.225e-14,  58099.1445,  58099.1445,  ,NEOWISE    ,  Mainzer et al. 2014  ApJ  792  30 
 6.517e+13, 3.147e-13, 3.635e-14,  58099.1445,  58099.1445,  ,NEOWISE    ,  Mainzer et al. 2014  ApJ  792  30 
 8.817e+13, 5.988e-13, 3.640e-14,  58099.4062,  58099.4062,  ,NEOWISE    ,  Mainzer et al. 2014  ApJ  792  30 
 6.517e+13, 1.199e-13, 0.000e+00,  58099.4062,  58099.4062,UL,NEOWISE     ,  Mainzer et al. 2014  ApJ  792  30 
 8.817e+13, 6.088e-13, 2.970e-14,  58096.7852,  58096.7852,  ,NEOWISE    ,  Mainzer et al. 2014  ApJ  792  30 
 6.517e+13, 2.169e-13, 4.755e-14,  58096.7852,  58096.7852,  ,NEOWISE    ,  Mainzer et al. 2014  ApJ  792  30 
 8.817e+13, 5.760e-13, 3.130e-14,  58099.6680,  58099.6680,  ,NEOWISE    ,  Mainzer et al. 2014  ApJ  792  30 
 6.517e+13, 4.005e-13, 4.140e-14,  58099.6680,  58099.6680,  ,NEOWISE    ,  Mainzer et al. 2014  ApJ  792  30 
 8.817e+13, 6.334e-13, 3.210e-14,  58099.6016,  58099.6016,  ,NEOWISE    ,  Mainzer et al. 2014  ApJ  792  30 
 6.517e+13, 2.792e-13, 4.365e-14,  58099.6016,  58099.6016,  ,NEOWISE    ,  Mainzer et al. 2014  ApJ  792  30 
 8.817e+13, 5.955e-13, 3.130e-14,  58622.1367,  58622.1367,  ,NEOWISE    ,  Mainzer et al. 2014  ApJ  792  30 
 6.517e+13, 3.553e-13, 3.640e-14,  58622.1367,  58622.1367,  ,NEOWISE    ,  Mainzer et al. 2014  ApJ  792  30 
 8.817e+13, 6.037e-13, 2.895e-14,  58622.9883,  58622.9883,  ,NEOWISE    ,  Mainzer et al. 2014  ApJ  792  30 
 6.517e+13, 3.313e-13, 5.115e-14,  58622.9883,  58622.9883,  ,NEOWISE    ,  Mainzer et al. 2014  ApJ  792  30 
 8.817e+13, 4.406e-13, 3.370e-14,  57003.1172,  57003.1172,  ,NEOWISE    ,  Mainzer et al. 2014  ApJ  792  30 
 6.517e+13, 2.108e-13, 4.555e-14,  57003.1172,  57003.1172,  ,NEOWISE    ,  Mainzer et al. 2014  ApJ  792  30 
 8.817e+13, 6.369e-13, 2.935e-14,  58463.5234,  58463.5234,  ,NEOWISE    ,  Mainzer et al. 2014  ApJ  792  30 
 6.517e+13, 3.247e-13, 5.285e-14,  58463.5234,  58463.5234,  ,NEOWISE    ,  Mainzer et al. 2014  ApJ  792  30 
 8.817e+13, 6.270e-13, 3.465e-14,  58463.6562,  58463.6562,  ,NEOWISE    ,  Mainzer et al. 2014  ApJ  792  30 
 6.517e+13, 5.151e-13, 5.040e-14,  58463.6562,  58463.6562,  ,NEOWISE    ,  Mainzer et al. 2014  ApJ  792  30 
 8.817e+13, 7.015e-13, 3.295e-14,  58463.3945,  58463.3945,  ,NEOWISE    ,  Mainzer et al. 2014  ApJ  792  30 
 6.517e+13, 3.495e-13, 4.520e-14,  58463.3945,  58463.3945,  ,NEOWISE    ,  Mainzer et al. 2014  ApJ  792  30 
 8.817e+13, 5.624e-13, 3.055e-14,  58463.6562,  58463.6562,  ,NEOWISE    ,  Mainzer et al. 2014  ApJ  792  30 
 6.517e+13, 4.160e-13, 4.410e-14,  58463.6562,  58463.6562,  ,NEOWISE    ,  Mainzer et al. 2014  ApJ  792  30 
 8.817e+13, 6.499e-13, 3.355e-14,  58463.7852,  58463.7852,  ,NEOWISE    ,  Mainzer et al. 2014  ApJ  792  30 
 6.517e+13, 3.728e-13, 4.095e-14,  58463.7852,  58463.7852,  ,NEOWISE    ,  Mainzer et al. 2014  ApJ  792  30 
 8.817e+13, 6.043e-13, 3.175e-14,  58464.2461,  58464.2461,  ,NEOWISE    ,  Mainzer et al. 2014  ApJ  792  30 
 6.517e+13, 2.622e-13, 5.325e-14,  58464.2461,  58464.2461,  ,NEOWISE    ,  Mainzer et al. 2014  ApJ  792  30 
 8.817e+13, 6.054e-13, 3.290e-14,  58463.9844,  58463.9844,  ,NEOWISE    ,  Mainzer et al. 2014  ApJ  792  30 
 6.517e+13, 3.403e-13, 6.335e-14,  58463.9844,  58463.9844,  ,NEOWISE    ,  Mainzer et al. 2014  ApJ  792  30 
 8.817e+13, 5.745e-13, 3.175e-14,  58463.7227,  58463.7227,  ,NEOWISE    ,  Mainzer et al. 2014  ApJ  792  30 
 6.517e+13, 3.623e-13, 3.845e-14,  58463.7227,  58463.7227,  ,NEOWISE    ,  Mainzer et al. 2014  ApJ  792  30 
 8.817e+13, 5.787e-13, 3.095e-14,  58464.1133,  58464.1133,  ,NEOWISE    ,  Mainzer et al. 2014  ApJ  792  30 
 6.517e+13, 2.771e-13, 4.150e-14,  58464.1133,  58464.1133,  ,NEOWISE    ,  Mainzer et al. 2014  ApJ  792  30 
 8.817e+13, 6.824e-13, 4.215e-14,  58463.2617,  58463.2617,  ,NEOWISE    ,  Mainzer et al. 2014  ApJ  792  30 
 6.517e+13, 3.229e-13, 4.055e-14,  58463.2617,  58463.2617,  ,NEOWISE    ,  Mainzer et al. 2014  ApJ  792  30 
 8.817e+13, 5.966e-13, 2.970e-14,  58463.8516,  58463.8516,  ,NEOWISE    ,  Mainzer et al. 2014  ApJ  792  30 
 6.517e+13, 3.369e-13, 3.855e-14,  58463.8516,  58463.8516,  ,NEOWISE    ,  Mainzer et al. 2014  ApJ  792  30 
 8.817e+13, 5.681e-13, 2.930e-14,  58463.5898,  58463.5898,  ,NEOWISE    ,  Mainzer et al. 2014  ApJ  792  30 
 6.517e+13, 4.009e-13, 6.230e-14,  58463.5898,  58463.5898,  ,NEOWISE    ,  Mainzer et al. 2014  ApJ  792  30 
 8.817e+13, 6.195e-13, 3.595e-14,  58463.7227,  58463.7227,  ,NEOWISE    ,  Mainzer et al. 2014  ApJ  792  30 
 6.517e+13, 3.745e-13, 4.285e-14,  58463.7227,  58463.7227,  ,NEOWISE    ,  Mainzer et al. 2014  ApJ  792  30 
 8.817e+13, 7.373e-13, 3.190e-14,  58463.9180,  58463.9180,  ,NEOWISE    ,  Mainzer et al. 2014  ApJ  792  30 
 6.517e+13, 3.019e-13, 3.680e-14,  58463.9180,  58463.9180,  ,NEOWISE    ,  Mainzer et al. 2014  ApJ  792  30 
 8.817e+13, 5.177e-13, 3.150e-14,  56817.0156,  56817.0156,  ,NEOWISE    ,  Mainzer et al. 2014  ApJ  792  30 
 6.517e+13, 3.332e-13, 4.615e-14,  56817.0156,  56817.0156,  ,NEOWISE    ,  Mainzer et al. 2014  ApJ  792  30 
 8.817e+13, 5.792e-13, 4.805e-14,  56816.4883,  56816.4883,  ,NEOWISE    ,  Mainzer et al. 2014  ApJ  792  30 
 6.517e+13, 2.301e-13, 4.540e-14,  56816.4883,  56816.4883,  ,NEOWISE    ,  Mainzer et al. 2014  ApJ  792  30 
 8.817e+13, 7.407e-13, 3.005e-14,  57006.3359,  57006.3359,  ,NEOWISE    ,  Mainzer et al. 2014  ApJ  792  30 
 6.517e+13, 4.457e-13, 4.235e-14,  57006.3359,  57006.3359,  ,NEOWISE    ,  Mainzer et al. 2014  ApJ  792  30 
 8.817e+13, 5.609e-13, 3.155e-14,  58986.6016,  58986.6016,  ,NEOWISE    ,  Mainzer et al. 2014  ApJ  792  30 
 6.517e+13, 3.505e-13, 4.300e-14,  58986.6016,  58986.6016,  ,NEOWISE    ,  Mainzer et al. 2014  ApJ  792  30 
 8.817e+13, 6.440e-13, 3.735e-14,  58986.6641,  58986.6641,  ,NEOWISE    ,  Mainzer et al. 2014  ApJ  792  30 
 6.517e+13, 3.697e-13, 5.400e-14,  58986.6641,  58986.6641,  ,NEOWISE    ,  Mainzer et al. 2014  ApJ  792  30 
 8.817e+13, 5.750e-13, 2.755e-14,  58987.0586,  58987.0586,  ,NEOWISE    ,  Mainzer et al. 2014  ApJ  792  30 
 6.517e+13, 1.022e-13, 0.000e+00,  58987.0586,  58987.0586,UL,NEOWISE     ,  Mainzer et al. 2014  ApJ  792  30 
 8.817e+13, 5.317e-13, 2.740e-14,  58986.7305,  58986.7305,  ,NEOWISE    ,  Mainzer et al. 2014  ApJ  792  30 
 6.517e+13, 3.576e-13, 4.290e-14,  58986.7305,  58986.7305,  ,NEOWISE    ,  Mainzer et al. 2014  ApJ  792  30 
 8.817e+13, 5.215e-13, 2.880e-14,  58986.8633,  58986.8633,  ,NEOWISE    ,  Mainzer et al. 2014  ApJ  792  30 
 6.517e+13, 2.427e-13, 3.385e-14,  58986.8633,  58986.8633,  ,NEOWISE    ,  Mainzer et al. 2014  ApJ  792  30 
 8.817e+13, 5.225e-13, 2.745e-14,  58987.1875,  58987.1875,  ,NEOWISE    ,  Mainzer et al. 2014  ApJ  792  30 
 6.517e+13, 3.211e-13, 4.300e-14,  58987.1875,  58987.1875,  ,NEOWISE    ,  Mainzer et al. 2014  ApJ  792  30 
 8.817e+13, 6.724e-13, 4.960e-14,  56813.7266,  56813.7266,  ,NEOWISE    ,  Mainzer et al. 2014  ApJ  792  30 
 6.517e+13, 3.161e-13, 6.155e-14,  56813.7266,  56813.7266,  ,NEOWISE    ,  Mainzer et al. 2014  ApJ  792  30 
 8.817e+13, 5.889e-13, 3.530e-14,  56813.4648,  56813.4648,  ,NEOWISE    ,  Mainzer et al. 2014  ApJ  792  30 
 6.517e+13, 3.714e-13, 4.870e-14,  56813.4648,  56813.4648,  ,NEOWISE    ,  Mainzer et al. 2014  ApJ  792  30 
 8.817e+13, 6.026e-13, 3.220e-14,  56813.3320,  56813.3320,  ,NEOWISE    ,  Mainzer et al. 2014  ApJ  792  30 
 6.517e+13, 3.998e-13, 4.315e-14,  56813.3320,  56813.3320,  ,NEOWISE    ,  Mainzer et al. 2014  ApJ  792  30 
 8.817e+13, 6.264e-13, 3.465e-14,  58255.5234,  58255.5234,  ,NEOWISE    ,  Mainzer et al. 2014  ApJ  792  30 
 6.517e+13, 3.400e-13, 3.675e-14,  58255.5234,  58255.5234,  ,NEOWISE    ,  Mainzer et al. 2014  ApJ  792  30 
 8.817e+13, 6.172e-13, 4.210e-14,  58255.1953,  58255.1953,  ,NEOWISE    ,  Mainzer et al. 2014  ApJ  792  30 
 6.517e+13, 3.677e-13, 4.785e-14,  58255.1953,  58255.1953,  ,NEOWISE    ,  Mainzer et al. 2014  ApJ  792  30 
 8.817e+13, 5.938e-13, 2.900e-14,  58255.2617,  58255.2617,  ,NEOWISE    ,  Mainzer et al. 2014  ApJ  792  30 
 6.517e+13, 3.176e-13, 3.780e-14,  58255.2617,  58255.2617,  ,NEOWISE    ,  Mainzer et al. 2014  ApJ  792  30 
 8.817e+13, 5.739e-13, 3.015e-14,  58254.9375,  58254.9375,  ,NEOWISE    ,  Mainzer et al. 2014  ApJ  792  30 
 6.517e+13, 3.425e-13, 4.270e-14,  58254.9375,  58254.9375,  ,NEOWISE    ,  Mainzer et al. 2014  ApJ  792  30 
 8.817e+13, 5.692e-13, 3.355e-14,  58255.3281,  58255.3281,  ,NEOWISE    ,  Mainzer et al. 2014  ApJ  792  30 
 6.517e+13, 3.081e-13, 4.215e-14,  58255.3281,  58255.3281,  ,NEOWISE    ,  Mainzer et al. 2014  ApJ  792  30 
 8.817e+13, 5.873e-13, 2.975e-14,  58255.3945,  58255.3945,  ,NEOWISE    ,  Mainzer et al. 2014  ApJ  792  30 
 6.517e+13, 2.659e-13, 3.735e-14,  58255.3945,  58255.3945,  ,NEOWISE    ,  Mainzer et al. 2014  ApJ  792  30 
 8.817e+13, 6.422e-13, 3.135e-14,  58255.5898,  58255.5898,  ,NEOWISE    ,  Mainzer et al. 2014  ApJ  792  30 
 6.517e+13, 3.700e-13, 3.550e-14,  58255.5898,  58255.5898,  ,NEOWISE    ,  Mainzer et al. 2014  ApJ  792  30 
 8.817e+13, 5.760e-13, 2.970e-14,  58255.7852,  58255.7852,  ,NEOWISE    ,  Mainzer et al. 2014  ApJ  792  30 
 6.517e+13, 3.232e-13, 3.790e-14,  58255.7852,  58255.7852,  ,NEOWISE    ,  Mainzer et al. 2014  ApJ  792  30 
 8.817e+13, 6.133e-13, 2.995e-14,  58255.4609,  58255.4609,  ,NEOWISE    ,  Mainzer et al. 2014  ApJ  792  30 
 6.517e+13, 3.707e-13, 3.625e-14,  58255.4609,  58255.4609,  ,NEOWISE    ,  Mainzer et al. 2014  ApJ  792  30 
 8.817e+13, 6.161e-13, 3.635e-14,  58255.6562,  58255.6562,  ,NEOWISE    ,  Mainzer et al. 2014  ApJ  792  30 
 6.517e+13, 3.259e-13, 3.760e-14,  58255.6562,  58255.6562,  ,NEOWISE    ,  Mainzer et al. 2014  ApJ  792  30 
 8.817e+13, 6.082e-13, 3.310e-14,  58255.0664,  58255.0664,  ,NEOWISE    ,  Mainzer et al. 2014  ApJ  792  30 
 6.517e+13, 2.209e-13, 4.550e-14,  58255.0664,  58255.0664,  ,NEOWISE    ,  Mainzer et al. 2014  ApJ  792  30 
 8.817e+13, 6.287e-13, 3.070e-14,  58255.9180,  58255.9180,  ,NEOWISE    ,  Mainzer et al. 2014  ApJ  792  30 
 6.517e+13, 3.365e-13, 3.320e-14,  58255.9180,  58255.9180,  ,NEOWISE    ,  Mainzer et al. 2014  ApJ  792  30 
 8.817e+13, 5.619e-13, 5.235e-14,  58986.2070,  58986.2070,  ,NEOWISE    ,  Mainzer et al. 2014  ApJ  792  30 
 6.517e+13, 2.792e-13, 4.940e-14,  58986.2070,  58986.2070,  ,NEOWISE    ,  Mainzer et al. 2014  ApJ  792  30 
 8.817e+13, 5.851e-13, 3.885e-14,  58986.4688,  58986.4688,  ,NEOWISE    ,  Mainzer et al. 2014  ApJ  792  30 
 6.517e+13, 2.843e-13, 3.330e-14,  58986.4688,  58986.4688,  ,NEOWISE    ,  Mainzer et al. 2014  ApJ  792  30 
 8.817e+13, 5.234e-13, 4.100e-14,  58986.3398,  58986.3398,  ,NEOWISE    ,  Mainzer et al. 2014  ApJ  792  30 
 6.517e+13, 3.425e-13, 3.855e-14,  58986.3398,  58986.3398,  ,NEOWISE    ,  Mainzer et al. 2014  ApJ  792  30 
 8.817e+13, 5.220e-13, 2.930e-14,  58986.4688,  58986.4688,  ,NEOWISE    ,  Mainzer et al. 2014  ApJ  792  30 
 6.517e+13, 3.444e-13, 3.810e-14,  58986.4688,  58986.4688,  ,NEOWISE    ,  Mainzer et al. 2014  ApJ  792  30 
 8.817e+13, 5.567e-13, 2.825e-14,  58986.0781,  58986.0781,  ,NEOWISE    ,  Mainzer et al. 2014  ApJ  792  30 
 6.517e+13, 3.457e-13, 3.570e-14,  58986.0781,  58986.0781,  ,NEOWISE    ,  Mainzer et al. 2014  ApJ  792  30 
 8.817e+13, 5.386e-13, 2.780e-14,  57368.2852,  57368.2852,  ,NEOWISE    ,  Mainzer et al. 2014  ApJ  792  30 
 6.517e+13, 2.815e-13, 3.955e-14,  57368.2852,  57368.2852,  ,NEOWISE    ,  Mainzer et al. 2014  ApJ  792  30 
 8.817e+13, 6.155e-13, 3.060e-14,  57368.8750,  57368.8750,  ,NEOWISE    ,  Mainzer et al. 2014  ApJ  792  30 
 6.517e+13, 3.961e-13, 3.690e-14,  57368.8750,  57368.8750,  ,NEOWISE    ,  Mainzer et al. 2014  ApJ  792  30 
 8.817e+13, 6.398e-13, 4.245e-14,  57368.3516,  57368.3516,  ,NEOWISE    ,  Mainzer et al. 2014  ApJ  792  30 
 6.517e+13, 4.400e-13, 5.365e-14,  57368.3516,  57368.3516,  ,NEOWISE    ,  Mainzer et al. 2014  ApJ  792  30 
 8.817e+13, 5.356e-13, 3.355e-14,  57368.6133,  57368.6133,  ,NEOWISE    ,  Mainzer et al. 2014  ApJ  792  30 
 6.517e+13, 3.752e-13, 4.050e-14,  57368.6133,  57368.6133,  ,NEOWISE    ,  Mainzer et al. 2014  ApJ  792  30 
 8.817e+13, 5.406e-13, 2.990e-14,  57367.8906,  57367.8906,  ,NEOWISE    ,  Mainzer et al. 2014  ApJ  792  30 
 6.517e+13, 3.274e-13, 3.350e-14,  57367.8906,  57367.8906,  ,NEOWISE    ,  Mainzer et al. 2014  ApJ  792  30 
 8.817e+13, 5.814e-13, 2.945e-14,  57368.0234,  57368.0234,  ,NEOWISE    ,  Mainzer et al. 2014  ApJ  792  30 
 6.517e+13, 2.969e-13, 5.610e-14,  57368.0234,  57368.0234,  ,NEOWISE    ,  Mainzer et al. 2014  ApJ  792  30 
 8.817e+13, 5.760e-13, 2.920e-14,  57368.1562,  57368.1562,  ,NEOWISE    ,  Mainzer et al. 2014  ApJ  792  30 
 6.517e+13, 3.173e-13, 4.695e-14,  57368.1562,  57368.1562,  ,NEOWISE    ,  Mainzer et al. 2014  ApJ  792  30 
 8.817e+13, 5.501e-13, 3.750e-14,  57368.4805,  57368.4805,  ,NEOWISE    ,  Mainzer et al. 2014  ApJ  792  30 
 6.517e+13, 2.589e-13, 3.465e-14,  57368.4805,  57368.4805,  ,NEOWISE    ,  Mainzer et al. 2014  ApJ  792  30 
 8.817e+13, 6.651e-13, 3.065e-14,  57367.7617,  57367.7617,  ,NEOWISE    ,  Mainzer et al. 2014  ApJ  792  30 
 6.517e+13, 3.630e-13, 3.715e-14,  57367.7617,  57367.7617,  ,NEOWISE    ,  Mainzer et al. 2014  ApJ  792  30 
 8.817e+13, 5.905e-13, 4.245e-14,  59194.9180,  59194.9180,  ,NEOWISE    ,  Mainzer et al. 2014  ApJ  792  30 
 6.517e+13, 2.961e-13, 4.325e-14,  59194.9180,  59194.9180,  ,NEOWISE    ,  Mainzer et al. 2014  ApJ  792  30 
 8.817e+13, 6.281e-13, 2.950e-14,  57176.0508,  57176.0508,  ,NEOWISE    ,  Mainzer et al. 2014  ApJ  792  30 
 6.517e+13, 2.812e-13, 3.350e-14,  57176.0508,  57176.0508,  ,NEOWISE    ,  Mainzer et al. 2014  ApJ  792  30 
 8.817e+13, 6.150e-13, 3.685e-14,  57731.9531,  57731.9531,  ,NEOWISE    ,  Mainzer et al. 2014  ApJ  792  30 
 6.517e+13, 2.807e-13, 3.600e-14,  57731.9531,  57731.9531,  ,NEOWISE    ,  Mainzer et al. 2014  ApJ  792  30 
 8.817e+13, 6.638e-13, 3.180e-14,  57733.0664,  57733.0664,  ,NEOWISE    ,  Mainzer et al. 2014  ApJ  792  30 
 6.517e+13, 2.926e-13, 3.785e-14,  57733.0664,  57733.0664,  ,NEOWISE    ,  Mainzer et al. 2014  ApJ  792  30 
 8.817e+13, 5.671e-13, 3.135e-14,  57732.0859,  57732.0859,  ,NEOWISE    ,  Mainzer et al. 2014  ApJ  792  30 
 6.517e+13, 3.375e-13, 3.895e-14,  57732.0859,  57732.0859,  ,NEOWISE    ,  Mainzer et al. 2014  ApJ  792  30 
 8.817e+13, 6.553e-13, 4.710e-14,  57732.6094,  57732.6094,  ,NEOWISE    ,  Mainzer et al. 2014  ApJ  792  30 
 6.517e+13, 3.780e-13, 3.870e-14,  57732.6094,  57732.6094,  ,NEOWISE    ,  Mainzer et al. 2014  ApJ  792  30 
 8.817e+13, 6.457e-13, 3.510e-14,  57732.5430,  57732.5430,  ,NEOWISE    ,  Mainzer et al. 2014  ApJ  792  30 
 6.517e+13, 3.126e-13, 4.915e-14,  57732.5430,  57732.5430,  ,NEOWISE    ,  Mainzer et al. 2014  ApJ  792  30 
 8.817e+13, 6.270e-13, 3.000e-14,  57732.2148,  57732.2148,  ,NEOWISE    ,  Mainzer et al. 2014  ApJ  792  30 
 6.517e+13, 3.878e-13, 7.515e-14,  57732.2148,  57732.2148,  ,NEOWISE    ,  Mainzer et al. 2014  ApJ  792  30 
 8.817e+13, 5.846e-13, 3.070e-14,  57732.4102,  57732.4102,  ,NEOWISE    ,  Mainzer et al. 2014  ApJ  792  30 
 6.517e+13, 1.041e-13, 0.000e+00,  57732.4102,  57732.4102,UL,NEOWISE     ,  Mainzer et al. 2014  ApJ  792  30 
 8.817e+13, 5.792e-13, 3.095e-14,  57732.6758,  57732.6758,  ,NEOWISE    ,  Mainzer et al. 2014  ApJ  792  30 
 6.517e+13, 2.716e-13, 5.540e-14,  57732.6758,  57732.6758,  ,NEOWISE    ,  Mainzer et al. 2014  ApJ  792  30 
 8.817e+13, 6.386e-13, 3.355e-14,  57732.8047,  57732.8047,  ,NEOWISE    ,  Mainzer et al. 2014  ApJ  792  30 
 6.517e+13, 3.700e-13, 3.855e-14,  57732.8047,  57732.8047,  ,NEOWISE    ,  Mainzer et al. 2014  ApJ  792  30 
 8.817e+13, 6.499e-13, 3.355e-14,  57732.9375,  57732.9375,  ,NEOWISE    ,  Mainzer et al. 2014  ApJ  792  30 
 6.517e+13, 2.102e-13, 4.805e-14,  57732.9375,  57732.9375,  ,NEOWISE    ,  Mainzer et al. 2014  ApJ  792  30 
 8.817e+13, 6.235e-13, 4.140e-14,  57732.3477,  57732.3477,  ,NEOWISE    ,  Mainzer et al. 2014  ApJ  792  30 
 6.517e+13, 3.268e-13, 5.020e-14,  57732.3477,  57732.3477,  ,NEOWISE    ,  Mainzer et al. 2014  ApJ  792  30 
 8.817e+13, 6.032e-13, 3.000e-14,  57732.4766,  57732.4766,  ,NEOWISE    ,  Mainzer et al. 2014  ApJ  792  30 
 6.517e+13, 3.316e-13, 4.290e-14,  57732.4766,  57732.4766,  ,NEOWISE    ,  Mainzer et al. 2014  ApJ  792  30 
 8.817e+13, 5.993e-13, 3.090e-14,  57894.8438,  57894.8438,  ,NEOWISE    ,  Mainzer et al. 2014  ApJ  792  30 
 6.517e+13, 2.427e-13, 3.590e-14,  57894.8438,  57894.8438,  ,NEOWISE    ,  Mainzer et al. 2014  ApJ  792  30 
 8.817e+13, 6.212e-13, 3.545e-14,  57895.3672,  57895.3672,  ,NEOWISE    ,  Mainzer et al. 2014  ApJ  792  30 
 6.517e+13, 3.875e-13, 3.680e-14,  57895.3672,  57895.3672,  ,NEOWISE    ,  Mainzer et al. 2014  ApJ  792  30 
 8.817e+13, 6.299e-13, 4.295e-14,  57894.9062,  57894.9062,  ,NEOWISE    ,  Mainzer et al. 2014  ApJ  792  30 
 6.517e+13, 2.681e-13, 3.640e-14,  57894.9062,  57894.9062,  ,NEOWISE    ,  Mainzer et al. 2014  ApJ  792  30 
 8.817e+13, 5.808e-13, 2.890e-14,  57895.1719,  57895.1719,  ,NEOWISE    ,  Mainzer et al. 2014  ApJ  792  30 
 6.517e+13, 3.214e-13, 3.650e-14,  57895.1719,  57895.1719,  ,NEOWISE    ,  Mainzer et al. 2014  ApJ  792  30 
 8.817e+13, 5.977e-13, 3.520e-14,  57895.1055,  57895.1055,  ,NEOWISE    ,  Mainzer et al. 2014  ApJ  792  30 
 6.517e+13, 3.991e-13, 4.530e-14,  57895.1055,  57895.1055,  ,NEOWISE    ,  Mainzer et al. 2014  ApJ  792  30 
 8.817e+13, 5.017e-13, 2.915e-14,  57894.9727,  57894.9727,  ,NEOWISE    ,  Mainzer et al. 2014  ApJ  792  30 
 6.517e+13, 3.277e-13, 3.685e-14,  57894.9727,  57894.9727,  ,NEOWISE    ,  Mainzer et al. 2014  ApJ  792  30 
 8.817e+13, 6.571e-13, 3.755e-14,  57894.5156,  57894.5156,  ,NEOWISE    ,  Mainzer et al. 2014  ApJ  792  30 
 6.517e+13, 3.044e-13, 3.850e-14,  57894.5156,  57894.5156,  ,NEOWISE    ,  Mainzer et al. 2014  ApJ  792  30 
 8.817e+13, 6.241e-13, 2.930e-14,  57895.0391,  57895.0391,  ,NEOWISE    ,  Mainzer et al. 2014  ApJ  792  30 
 6.517e+13, 2.836e-13, 4.195e-14,  57895.0391,  57895.0391,  ,NEOWISE    ,  Mainzer et al. 2014  ApJ  792  30 
 8.817e+13, 6.054e-13, 2.845e-14,  57895.2344,  57895.2344,  ,NEOWISE    ,  Mainzer et al. 2014  ApJ  792  30 
 6.517e+13, 4.084e-13, 4.035e-14,  57895.2344,  57895.2344,  ,NEOWISE    ,  Mainzer et al. 2014  ApJ  792  30 
 8.817e+13, 5.982e-13, 3.470e-14,  57894.7773,  57894.7773,  ,NEOWISE    ,  Mainzer et al. 2014  ApJ  792  30 
 6.517e+13, 3.378e-13, 4.590e-14,  57894.7773,  57894.7773,  ,NEOWISE    ,  Mainzer et al. 2014  ApJ  792  30 
 8.817e+13, 5.692e-13, 3.250e-14,  57895.2344,  57895.2344,  ,NEOWISE    ,  Mainzer et al. 2014  ApJ  792  30 
 6.517e+13, 3.748e-13, 4.255e-14,  57895.2344,  57895.2344,  ,NEOWISE    ,  Mainzer et al. 2014  ApJ  792  30 
 8.817e+13, 5.702e-13, 3.630e-14,  57894.6445,  57894.6445,  ,NEOWISE    ,  Mainzer et al. 2014  ApJ  792  30 
 6.517e+13, 3.235e-13, 4.155e-14,  57894.6445,  57894.6445,  ,NEOWISE    ,  Mainzer et al. 2014  ApJ  792  30 
 8.817e+13, 6.133e-13, 2.885e-14,  59718.4180,  59718.4180,  ,NEOWISE    ,  Mainzer et al. 2014  ApJ  792  30 
 6.517e+13, 3.630e-13, 3.550e-14,  59718.4180,  59718.4180,  ,NEOWISE    ,  Mainzer et al. 2014  ApJ  792  30 
 8.817e+13, 5.702e-13, 3.100e-14,  56639.8633,  56639.8633,  ,NEOWISE    ,  Mainzer et al. 2014  ApJ  792  30 
 6.517e+13, 3.773e-13, 5.405e-14,  56639.8633,  56639.8633,  ,NEOWISE    ,  Mainzer et al. 2014  ApJ  792  30 
 8.817e+13, 5.660e-13, 2.975e-14,  56639.9961,  56639.9961,  ,NEOWISE    ,  Mainzer et al. 2014  ApJ  792  30 
 6.517e+13, 3.384e-13, 3.940e-14,  56639.9961,  56639.9961,  ,NEOWISE    ,  Mainzer et al. 2014  ApJ  792  30 
 8.817e+13, 5.660e-13, 3.235e-14,  56813.5938,  56813.5938,  ,NEOWISE    ,  Mainzer et al. 2014  ApJ  792  30 
 6.517e+13, 1.922e-13, 5.345e-14,  56813.5938,  56813.5938,  ,NEOWISE    ,  Mainzer et al. 2014  ApJ  792  30 
 8.817e+13, 6.669e-13, 3.320e-14,  56813.7930,  56813.7930,  ,NEOWISE    ,  Mainzer et al. 2014  ApJ  792  30 
 6.517e+13, 3.460e-13, 4.795e-14,  56813.7930,  56813.7930,  ,NEOWISE    ,  Mainzer et al. 2014  ApJ  792  30 
 8.817e+13, 5.895e-13, 3.045e-14,  56639.7969,  56639.7969,  ,NEOWISE    ,  Mainzer et al. 2014  ApJ  792  30 
 6.517e+13, 3.422e-13, 4.650e-14,  56639.7969,  56639.7969,  ,NEOWISE    ,  Mainzer et al. 2014  ApJ  792  30 
 8.817e+13, 5.944e-13, 3.615e-14,  56639.9297,  56639.9297,  ,NEOWISE    ,  Mainzer et al. 2014  ApJ  792  30 
 6.517e+13, 3.115e-13, 4.520e-14,  56639.9297,  56639.9297,  ,NEOWISE    ,  Mainzer et al. 2014  ApJ  792  30 
 8.817e+13, 6.189e-13, 3.590e-14,  56639.7969,  56639.7969,  ,NEOWISE    ,  Mainzer et al. 2014  ApJ  792  30 
 6.517e+13, 3.656e-13, 3.845e-14,  56639.7969,  56639.7969,  ,NEOWISE    ,  Mainzer et al. 2014  ApJ  792  30 
 8.817e+13, 6.339e-13, 3.215e-14,  56639.9297,  56639.9297,  ,NEOWISE    ,  Mainzer et al. 2014  ApJ  792  30 
 6.517e+13, 3.176e-13, 4.400e-14,  56639.9297,  56639.9297,  ,NEOWISE    ,  Mainzer et al. 2014  ApJ  792  30 
 8.817e+13, 6.731e-13, 9.075e-14,  57006.2070,  57006.2070,  ,NEOWISE    ,  Mainzer et al. 2014  ApJ  792  30 
 6.517e+13, 3.453e-13, 3.825e-14,  57006.2070,  57006.2070,  ,NEOWISE    ,  Mainzer et al. 2014  ApJ  792  30 
 8.817e+13, 6.369e-13, 2.935e-14,  57006.1406,  57006.1406,  ,NEOWISE    ,  Mainzer et al. 2014  ApJ  792  30 
 6.517e+13, 4.050e-13, 4.485e-14,  57006.1406,  57006.1406,  ,NEOWISE    ,  Mainzer et al. 2014  ApJ  792  30 
 8.817e+13, 5.868e-13, 3.025e-14,  57006.6016,  57006.6016,  ,NEOWISE    ,  Mainzer et al. 2014  ApJ  792  30 
 6.517e+13, 3.441e-13, 3.715e-14,  57006.6016,  57006.6016,  ,NEOWISE    ,  Mainzer et al. 2014  ApJ  792  30 
 8.817e+13, 6.583e-13, 4.430e-14,  57006.2734,  57006.2734,  ,NEOWISE    ,  Mainzer et al. 2014  ApJ  792  30 
 6.517e+13, 2.945e-13, 4.960e-14,  57006.2734,  57006.2734,  ,NEOWISE    ,  Mainzer et al. 2014  ApJ  792  30 
 8.817e+13, 6.724e-13, 2.970e-14,  57006.0078,  57006.0078,  ,NEOWISE    ,  Mainzer et al. 2014  ApJ  792  30 
 6.517e+13, 4.316e-13, 4.740e-14,  57006.0078,  57006.0078,  ,NEOWISE    ,  Mainzer et al. 2014  ApJ  792  30 
 8.817e+13, 6.230e-13, 2.925e-14,  57006.4688,  57006.4688,  ,NEOWISE    ,  Mainzer et al. 2014  ApJ  792  30 
 6.517e+13, 3.878e-13, 5.305e-14,  57006.4688,  57006.4688,  ,NEOWISE    ,  Mainzer et al. 2014  ApJ  792  30 
 8.817e+13, 6.247e-13, 3.105e-14,  57006.7305,  57006.7305,  ,NEOWISE    ,  Mainzer et al. 2014  ApJ  792  30 
 6.517e+13, 2.799e-13, 4.270e-14,  57006.7305,  57006.7305,  ,NEOWISE    ,  Mainzer et al. 2014  ApJ  792  30 
 8.817e+13, 7.015e-13, 3.295e-14,  57006.6016,  57006.6016,  ,NEOWISE    ,  Mainzer et al. 2014  ApJ  792  30 
 6.517e+13, 3.008e-13, 4.200e-14,  57006.6016,  57006.6016,  ,NEOWISE    ,  Mainzer et al. 2014  ApJ  792  30 
 8.817e+13, 6.812e-13, 3.325e-14,  57005.8789,  57005.8789,  ,NEOWISE    ,  Mainzer et al. 2014  ApJ  792  30 
 6.517e+13, 3.428e-13, 4.560e-14,  57005.8789,  57005.8789,  ,NEOWISE    ,  Mainzer et al. 2014  ApJ  792  30 
 8.817e+13, 6.121e-13, 2.875e-14,  57006.8633,  57006.8633,  ,NEOWISE    ,  Mainzer et al. 2014  ApJ  792  30 
 6.517e+13, 3.453e-13, 4.050e-14,  57006.8633,  57006.8633,  ,NEOWISE    ,  Mainzer et al. 2014  ApJ  792  30 
 8.817e+13, 5.819e-13, 3.000e-14,  59355.6953,  59355.6953,  ,NEOWISE    ,  Mainzer et al. 2014  ApJ  792  30 
 6.517e+13, 3.332e-13, 4.960e-14,  59355.6953,  59355.6953,  ,NEOWISE    ,  Mainzer et al. 2014  ApJ  792  30 
 8.817e+13, 7.441e-13, 3.905e-14,  58828.4961,  58828.4961,  ,NEOWISE    ,  Mainzer et al. 2014  ApJ  792  30 
 6.517e+13, 7.438e-14, 0.000e+00,  58828.4961,  58828.4961,UL,NEOWISE     ,  Mainzer et al. 2014  ApJ  792  30 
 8.817e+13, 6.553e-13, 3.930e-14,  58828.0391,  58828.0391,  ,NEOWISE    ,  Mainzer et al. 2014  ApJ  792  30 
 6.517e+13, 2.248e-13, 4.670e-14,  58828.0391,  58828.0391,  ,NEOWISE    ,  Mainzer et al. 2014  ApJ  792  30 
 8.817e+13, 6.644e-13, 5.085e-14,  58828.2344,  58828.2344,  ,NEOWISE    ,  Mainzer et al. 2014  ApJ  792  30 
 6.517e+13, 3.929e-13, 5.770e-14,  58828.2344,  58828.2344,  ,NEOWISE    ,  Mainzer et al. 2014  ApJ  792  30 
 8.817e+13, 6.015e-13, 4.380e-14,  58828.1680,  58828.1680,  ,NEOWISE    ,  Mainzer et al. 2014  ApJ  792  30 
 6.517e+13, 2.883e-13, 4.075e-14,  58828.1680,  58828.1680,  ,NEOWISE    ,  Mainzer et al. 2014  ApJ  792  30 
 8.817e+13, 6.996e-13, 3.160e-14,  58096.7188,  58096.7188,  ,NEOWISE    ,  Mainzer et al. 2014  ApJ  792  30 
 6.517e+13, 4.312e-13, 4.735e-14,  58096.7188,  58096.7188,  ,NEOWISE    ,  Mainzer et al. 2014  ApJ  792  30 
 8.817e+13, 6.258e-13, 3.690e-14,  59559.4414,  59559.4414,  ,NEOWISE    ,  Mainzer et al. 2014  ApJ  792  30 
 6.517e+13, 3.150e-13, 3.690e-14,  59559.4414,  59559.4414,  ,NEOWISE    ,  Mainzer et al. 2014  ApJ  792  30 
 8.817e+13, 5.491e-13, 3.035e-14,  59717.4375,  59717.4375,  ,NEOWISE    ,  Mainzer et al. 2014  ApJ  792  30 
 6.517e+13, 3.241e-13, 4.340e-14,  59717.4375,  59717.4375,  ,NEOWISE    ,  Mainzer et al. 2014  ApJ  792  30 
 8.817e+13, 6.398e-13, 3.005e-14,  57368.7461,  57368.7461,  ,NEOWISE    ,  Mainzer et al. 2014  ApJ  792  30 
 6.517e+13, 2.830e-13, 4.980e-14,  57368.7461,  57368.7461,  ,NEOWISE    ,  Mainzer et al. 2014  ApJ  792  30 
 8.817e+13, 5.562e-13, 2.870e-14,  57368.2188,  57368.2188,  ,NEOWISE    ,  Mainzer et al. 2014  ApJ  792  30 
 6.517e+13, 2.977e-13, 3.600e-14,  57368.2188,  57368.2188,  ,NEOWISE    ,  Mainzer et al. 2014  ApJ  792  30 
 8.817e+13, 6.469e-13, 3.220e-14,  57368.4180,  57368.4180,  ,NEOWISE    ,  Mainzer et al. 2014  ApJ  792  30 
 6.517e+13, 2.131e-13, 3.750e-14,  57368.4180,  57368.4180,  ,NEOWISE    ,  Mainzer et al. 2014  ApJ  792  30 
 8.817e+13, 5.054e-13, 3.025e-14,  57368.3516,  57368.3516,  ,NEOWISE    ,  Mainzer et al. 2014  ApJ  792  30 
 6.517e+13, 4.650e-13, 4.590e-14,  57368.3516,  57368.3516,  ,NEOWISE    ,  Mainzer et al. 2014  ApJ  792  30 
 8.817e+13, 5.341e-13, 3.150e-14,  59559.5703,  59559.5703,  ,NEOWISE    ,  Mainzer et al. 2014  ApJ  792  30 
 6.517e+13, 2.472e-13, 3.790e-14,  59559.5703,  59559.5703,  ,NEOWISE    ,  Mainzer et al. 2014  ApJ  792  30 
 8.817e+13, 6.596e-13, 3.160e-14,  59558.7227,  59558.7227,  ,NEOWISE    ,  Mainzer et al. 2014  ApJ  792  30 
 6.517e+13, 2.761e-13, 3.955e-14,  59558.7227,  59558.7227,  ,NEOWISE    ,  Mainzer et al. 2014  ApJ  792  30 
 8.817e+13, 6.218e-13, 3.320e-14,  59559.3086,  59559.3086,  ,NEOWISE    ,  Mainzer et al. 2014  ApJ  792  30 
 6.517e+13, 2.701e-13, 5.155e-14,  59559.3086,  59559.3086,  ,NEOWISE    ,  Mainzer et al. 2014  ApJ  792  30 
 8.817e+13, 5.702e-13, 3.365e-14,  59718.0234,  59718.0234,  ,NEOWISE    ,  Mainzer et al. 2014  ApJ  792  30 
 6.517e+13, 4.156e-13, 4.910e-14,  59718.0234,  59718.0234,  ,NEOWISE    ,  Mainzer et al. 2014  ApJ  792  30 
 8.817e+13, 6.416e-13, 3.190e-14,  59717.8945,  59717.8945,  ,NEOWISE    ,  Mainzer et al. 2014  ApJ  792  30 
 6.517e+13, 3.482e-13, 3.665e-14,  59717.8945,  59717.8945,  ,NEOWISE    ,  Mainzer et al. 2014  ApJ  792  30 
 8.817e+13, 5.916e-13, 2.945e-14,  59718.5469,  59718.5469,  ,NEOWISE    ,  Mainzer et al. 2014  ApJ  792  30 
 6.517e+13, 3.369e-13, 3.915e-14,  59718.5469,  59718.5469,  ,NEOWISE    ,  Mainzer et al. 2014  ApJ  792  30 
 8.817e+13, 6.043e-13, 4.175e-14,  59717.5703,  59717.5703,  ,NEOWISE    ,  Mainzer et al. 2014  ApJ  792  30 
 6.517e+13, 3.118e-13, 4.060e-14,  59717.5703,  59717.5703,  ,NEOWISE    ,  Mainzer et al. 2014  ApJ  792  30 
 8.817e+13, 5.516e-13, 3.050e-14,  59718.1562,  59718.1562,  ,NEOWISE    ,  Mainzer et al. 2014  ApJ  792  30 
 6.517e+13, 3.925e-13, 4.310e-14,  59718.1562,  59718.1562,  ,NEOWISE    ,  Mainzer et al. 2014  ApJ  792  30 
 8.817e+13, 5.476e-13, 4.040e-14,  59717.8281,  59717.8281,  ,NEOWISE    ,  Mainzer et al. 2014  ApJ  792  30 
 6.517e+13, 3.415e-13, 3.470e-14,  59717.8281,  59717.8281,  ,NEOWISE    ,  Mainzer et al. 2014  ApJ  792  30 
 8.817e+13, 5.143e-13, 3.130e-14,  59718.0898,  59718.0898,  ,NEOWISE    ,  Mainzer et al. 2014  ApJ  792  30 
 6.517e+13, 2.872e-13, 3.820e-14,  59718.0898,  59718.0898,  ,NEOWISE    ,  Mainzer et al. 2014  ApJ  792  30 
 8.817e+13, 5.401e-13, 3.185e-14,  59717.6992,  59717.6992,  ,NEOWISE    ,  Mainzer et al. 2014  ApJ  792  30 
 6.517e+13, 3.576e-13, 4.460e-14,  59717.6992,  59717.6992,  ,NEOWISE    ,  Mainzer et al. 2014  ApJ  792  30 
 8.817e+13, 6.523e-13, 3.065e-14,  59718.2852,  59718.2852,  ,NEOWISE    ,  Mainzer et al. 2014  ApJ  792  30 
 6.517e+13, 3.505e-13, 5.215e-14,  59718.2852,  59718.2852,  ,NEOWISE    ,  Mainzer et al. 2014  ApJ  792  30 
 8.817e+13, 6.004e-13, 3.210e-14,  55351.3828,  55351.3828,  ,WISEME    ,  Wright et al. 2010  AJ  140  1868 
 6.517e+13, 3.262e-13, 3.915e-14,  55351.3828,  55351.3828,  ,WISEME    ,  Wright et al. 2010  AJ  140  1868 
 2.498e+13, 2.387e-13, 0.000e+00,  55351.3828,  55351.3828,UL,WISEME     ,  Wright et al. 2010  AJ  140  1868 
 1.363e+13, 9.187e-13, 0.000e+00,  55351.3828,  55351.3828,UL,WISEME     ,  Wright et al. 2010  AJ  140  1868 
 8.817e+13, 5.292e-13, 3.170e-14,  55542.0430,  55542.0430,  ,WISEME    ,  Wright et al. 2010  AJ  140  1868 
 6.517e+13, 3.359e-13, 3.505e-14,  55542.0430,  55542.0430,  ,WISEME    ,  Wright et al. 2010  AJ  140  1868 
 8.817e+13, 5.593e-13, 3.140e-14,  55351.6445,  55351.6445,  ,WISEME    ,  Wright et al. 2010  AJ  140  1868 
 6.517e+13, 3.553e-13, 3.310e-14,  55351.6445,  55351.6445,  ,WISEME    ,  Wright et al. 2010  AJ  140  1868 
 2.498e+13, 2.741e-13, 0.000e+00,  55351.6445,  55351.6445,UL,WISEME     ,  Wright et al. 2010  AJ  140  1868 
 1.363e+13, 9.753e-13, 0.000e+00,  55351.6445,  55351.6445,UL,WISEME     ,  Wright et al. 2010  AJ  140  1868 
 8.817e+13, 5.229e-13, 2.990e-14,  55351.7773,  55351.7773,  ,WISEME    ,  Wright et al. 2010  AJ  140  1868 
 6.517e+13, 2.698e-13, 3.265e-14,  55351.7773,  55351.7773,  ,WISEME    ,  Wright et al. 2010  AJ  140  1868 
 2.498e+13, 3.354e-13, 0.000e+00,  55351.7773,  55351.7773,UL,WISEME     ,  Wright et al. 2010  AJ  140  1868 
 1.363e+13, 1.186e-12, 0.000e+00,  55351.7773,  55351.7773,UL,WISEME     ,  Wright et al. 2010  AJ  140  1868 
 8.817e+13, 6.638e-13, 3.240e-14,  55351.8438,  55351.8438,  ,WISEME    ,  Wright et al. 2010  AJ  140  1868 
 6.517e+13, 2.786e-13, 3.550e-14,  55351.8438,  55351.8438,  ,WISEME    ,  Wright et al. 2010  AJ  140  1868 
 2.498e+13, 4.250e-13, 0.000e+00,  55351.8438,  55351.8438,UL,WISEME     ,  Wright et al. 2010  AJ  140  1868 
 1.363e+13, 8.741e-13, 3.905e-13,  55351.8438,  55351.8438,  ,WISEME    ,  Wright et al. 2010  AJ  140  1868 
 8.817e+13, 5.406e-13, 3.290e-14,  55351.9102,  55351.9102,  ,WISEME    ,  Wright et al. 2010  AJ  140  1868 
 6.517e+13, 3.365e-13, 3.915e-14,  55351.9102,  55351.9102,  ,WISEME    ,  Wright et al. 2010  AJ  140  1868 
 2.498e+13, 2.537e-13, 0.000e+00,  55351.9102,  55351.9102,UL,WISEME     ,  Wright et al. 2010  AJ  140  1868 
 1.363e+13, 7.848e-13, 0.000e+00,  55351.9102,  55351.9102,UL,WISEME     ,  Wright et al. 2010  AJ  140  1868 
 8.817e+13, 5.336e-13, 3.050e-14,  55351.9766,  55351.9766,  ,WISEME    ,  Wright et al. 2010  AJ  140  1868 
 6.517e+13, 2.506e-13, 4.035e-14,  55351.9766,  55351.9766,  ,WISEME    ,  Wright et al. 2010  AJ  140  1868 
 2.498e+13, 2.095e-13, 0.000e+00,  55351.9766,  55351.9766,UL,WISEME     ,  Wright et al. 2010  AJ  140  1868 
 1.363e+13, 1.335e-12, 0.000e+00,  55351.9766,  55351.9766,UL,WISEME     ,  Wright et al. 2010  AJ  140  1868 
 8.817e+13, 5.593e-13, 3.610e-14,  55352.0430,  55352.0430,  ,WISEME    ,  Wright et al. 2010  AJ  140  1868 
 6.517e+13, 3.115e-13, 3.215e-14,  55352.0430,  55352.0430,  ,WISEME    ,  Wright et al. 2010  AJ  140  1868 
 2.498e+13, 3.445e-13, 0.000e+00,  55352.0430,  55352.0430,UL,WISEME     ,  Wright et al. 2010  AJ  140  1868 
 1.363e+13, 1.401e-12, 0.000e+00,  55352.0430,  55352.0430,UL,WISEME     ,  Wright et al. 2010  AJ  140  1868 
 8.817e+13, 6.583e-13, 3.275e-14,  55352.0430,  55352.0430,  ,WISEME    ,  Wright et al. 2010  AJ  140  1868 
 6.517e+13, 3.013e-13, 3.755e-14,  55352.0430,  55352.0430,  ,WISEME    ,  Wright et al. 2010  AJ  140  1868 
 2.498e+13, 2.104e-13, 1.001e-13,  55352.0430,  55352.0430,  ,WISEME    ,  Wright et al. 2010  AJ  140  1868 
 1.363e+13, 1.356e-12, 0.000e+00,  55352.0430,  55352.0430,UL,WISEME     ,  Wright et al. 2010  AJ  140  1868 
 8.817e+13, 5.895e-13, 2.930e-14,  55352.1094,  55352.1094,  ,WISEME    ,  Wright et al. 2010  AJ  140  1868 
 6.517e+13, 3.907e-13, 3.965e-14,  55352.1094,  55352.1094,  ,WISEME    ,  Wright et al. 2010  AJ  140  1868 
 8.817e+13, 6.553e-13, 3.320e-14,  55352.2422,  55352.2422,  ,WISEME    ,  Wright et al. 2010  AJ  140  1868 
 6.517e+13, 2.763e-13, 3.600e-14,  55352.2422,  55352.2422,  ,WISEME    ,  Wright et al. 2010  AJ  140  1868 
 2.498e+13, 3.139e-13, 1.115e-13,  55352.2422,  55352.2422,  ,WISEME    ,  Wright et al. 2010  AJ  140  1868 
 1.363e+13, 1.701e-12, 0.000e+00,  55352.2422,  55352.2422,UL,WISEME     ,  Wright et al. 2010  AJ  140  1868 
 8.817e+13, 5.755e-13, 3.130e-14,  55352.3750,  55352.3750,  ,WISEME    ,  Wright et al. 2010  AJ  140  1868 
 6.517e+13, 3.677e-13, 3.700e-14,  55352.3750,  55352.3750,  ,WISEME    ,  Wright et al. 2010  AJ  140  1868 
 2.498e+13, 2.206e-13, 0.000e+00,  55352.3750,  55352.3750,UL,WISEME     ,  Wright et al. 2010  AJ  140  1868 
 1.363e+13, 1.055e-12, 3.954e-13,  55352.3750,  55352.3750,  ,WISEME    ,  Wright et al. 2010  AJ  140  1868 
 8.817e+13, 6.523e-13, 3.185e-14,  55352.5078,  55352.5078,  ,WISEME    ,  Wright et al. 2010  AJ  140  1868 
 6.517e+13, 3.271e-13, 3.595e-14,  55352.5078,  55352.5078,  ,WISEME    ,  Wright et al. 2010  AJ  140  1868 
 2.498e+13, 2.613e-13, 0.000e+00,  55352.5078,  55352.5078,UL,WISEME     ,  Wright et al. 2010  AJ  140  1868 
 1.363e+13, 1.378e-12, 0.000e+00,  55352.5078,  55352.5078,UL,WISEME     ,  Wright et al. 2010  AJ  140  1868 
 8.817e+13, 5.750e-13, 3.180e-14,  55541.0508,  55541.0508,  ,WISEME    ,  Wright et al. 2010  AJ  140  1868 
 6.517e+13, 3.295e-13, 3.465e-14,  55541.0508,  55541.0508,  ,WISEME    ,  Wright et al. 2010  AJ  140  1868 
 8.817e+13, 5.129e-13, 3.120e-14,  55541.1797,  55541.1797,  ,WISEME    ,  Wright et al. 2010  AJ  140  1868 
 6.517e+13, 3.707e-13, 3.660e-14,  55541.1797,  55541.1797,  ,WISEME    ,  Wright et al. 2010  AJ  140  1868 
 8.817e+13, 5.376e-13, 3.120e-14,  55541.3125,  55541.3125,  ,WISEME    ,  Wright et al. 2010  AJ  140  1868 
 6.517e+13, 2.789e-13, 3.475e-14,  55541.3125,  55541.3125,  ,WISEME    ,  Wright et al. 2010  AJ  140  1868 
 8.817e+13, 5.431e-13, 3.150e-14,  55541.3789,  55541.3789,  ,WISEME    ,  Wright et al. 2010  AJ  140  1868 
 6.517e+13, 3.098e-13, 3.460e-14,  55541.3789,  55541.3789,  ,WISEME    ,  Wright et al. 2010  AJ  140  1868 
 8.817e+13, 7.601e-13, 3.435e-14,  55541.4453,  55541.4453,  ,WISEME    ,  Wright et al. 2010  AJ  140  1868 
 6.517e+13, 2.743e-13, 3.595e-14,  55541.4453,  55541.4453,  ,WISEME    ,  Wright et al. 2010  AJ  140  1868 
 8.817e+13, 5.381e-13, 3.225e-14,  55541.5117,  55541.5117,  ,WISEME    ,  Wright et al. 2010  AJ  140  1868 
 6.517e+13, 3.084e-13, 3.615e-14,  55541.5117,  55541.5117,  ,WISEME    ,  Wright et al. 2010  AJ  140  1868 
 8.817e+13, 4.898e-13, 3.660e-14,  55541.5781,  55541.5781,  ,WISEME    ,  Wright et al. 2010  AJ  140  1868 
 6.517e+13, 3.518e-13, 4.090e-14,  55541.5781,  55541.5781,  ,WISEME    ,  Wright et al. 2010  AJ  140  1868 
 8.817e+13, 4.791e-13, 3.050e-14,  55541.6445,  55541.6445,  ,WISEME    ,  Wright et al. 2010  AJ  140  1868 
 6.517e+13, 3.409e-13, 3.680e-14,  55541.6445,  55541.6445,  ,WISEME    ,  Wright et al. 2010  AJ  140  1868 
 8.817e+13, 5.158e-13, 3.135e-14,  55541.7773,  55541.7773,  ,WISEME    ,  Wright et al. 2010  AJ  140  1868 
 6.517e+13, 3.067e-13, 3.765e-14,  55541.7773,  55541.7773,  ,WISEME    ,  Wright et al. 2010  AJ  140  1868 
 8.817e+13, 5.491e-13, 3.235e-14,  55541.9102,  55541.9102,  ,WISEME    ,  Wright et al. 2010  AJ  140  1868 
 6.517e+13, 3.047e-13, 3.655e-14,  55541.9102,  55541.9102,  ,WISEME    ,  Wright et al. 2010  AJ  140  1868 
 8.817e+13, 5.655e-13, 3.335e-14,  55541.9102,  55541.9102,  ,WISEME    ,  Wright et al. 2010  AJ  140  1868 
 6.517e+13, 2.331e-13, 4.320e-14,  55541.9102,  55541.9102,  ,WISEME    ,  Wright et al. 2010  AJ  140  1868 
 8.817e+13, 6.253e-13, 2.995e-14,  55351.5156,  55351.5156,  ,WISEME    ,  Wright et al. 2010  AJ  140  1868 
 6.517e+13, 3.044e-13, 3.680e-14,  55351.5156,  55351.5156,  ,WISEME    ,  Wright et al. 2010  AJ  140  1868 
 2.498e+13, 3.435e-13, 0.000e+00,  55351.5156,  55351.5156,UL,WISEME     ,  Wright et al. 2010  AJ  140  1868 
 1.363e+13, 7.726e-13, 0.000e+00,  55351.5156,  55351.5156,UL,WISEME     ,  Wright et al. 2010  AJ  140  1868 
 4.455e+14, 1.749e-13, 0.000e+00,  55000.0000,  55000.0000,  ,GAIA    ,  The Gaia Collaboration 2016  A&A  595  A2 
 6.813e+14, 1.770e-13, 8.020e-14,  55000.0000,  55000.0000,  ,HSTGSC    ,  Lasker et al. 2008  AJ  136  735 
 6.233e+14, 1.937e-13, 3.200e-15,  55000.0000,  55000.0000,  ,PanSTARRS    ,  Flewelling et al. 2020  ApJS  251  7 
 4.859e+14, 2.246e-13, 2.950e-15,  55000.0000,  55000.0000,  ,PanSTARRS    ,  Flewelling et al. 2020  ApJS  251  7 
 3.987e+14, 3.429e-13, 7.850e-15,  55000.0000,  55000.0000,  ,PanSTARRS    ,  Flewelling et al. 2020  ApJS  251  7 
 3.462e+14, 3.495e-13, 6.400e-15,  55000.0000,  55000.0000,  ,PanSTARRS    ,  Flewelling et al. 2020  ApJS  251  7 
 3.116e+14, 3.464e-13, 1.260e-14,  55000.0000,  55000.0000,  ,PanSTARRS    ,  Flewelling et al. 2020  ApJS  251  7 
 1.948e+15, 1.858e-13, 5.400e-14,  55000.0000,  55000.0000,  ,GALEX    ,  Morrissey et al. 2007  ApJS  173  682 
 1.295e+15, 1.601e-13, 2.365e-14,  55000.0000,  55000.0000,  ,GALEX    ,  Morrissey et al. 2007  ApJS  173  682 
 2.418e+23, 1.279e-13, 9.198e-14,  55000.0000,  55000.0000,  ,2BIGB    ,  Arsioli et al. 2020  MNRAS  493  2438 
 4.110e+23, 1.946e-13, 7.090e-14,  55000.0000,  55000.0000,  ,2BIGB    ,  Arsioli et al. 2020  MNRAS  493  2438 
 7.254e+23, 1.771e-13, 5.650e-14,  55000.0000,  55000.0000,  ,2BIGB    ,  Arsioli et al. 2020  MNRAS  493  2438 
 1.209e+24, 1.050e-13, 5.600e-14,  55000.0000,  55000.0000,  ,2BIGB    ,  Arsioli et al. 2020  MNRAS  493  2438 
 2.418e+24, 1.918e-13, 6.770e-14,  55000.0000,  55000.0000,  ,2BIGB    ,  Arsioli et al. 2020  MNRAS  493  2438 
 4.111e+24, 2.236e-13, 9.160e-14,  55000.0000,  55000.0000,  ,2BIGB    ,  Arsioli et al. 2020  MNRAS  493  2438 
 7.254e+24, 2.196e-13, 1.030e-13,  55000.0000,  55000.0000,  ,2BIGB    ,  Arsioli et al. 2020  MNRAS  493  2438 
 1.209e+25, 2.580e-13, 1.478e-13,  55000.0000,  55000.0000,  ,2BIGB    ,  Arsioli et al. 2020  MNRAS  493  2438 
 2.418e+25, 1.905e-13, 1.455e-13,  55000.0000,  55000.0000,  ,2BIGB    ,  Arsioli et al. 2020  MNRAS  493  2438 
 4.110e+25, 6.250e-13, 0.000e+00,  55000.0000,  55000.0000,UL,2BIGB     ,  Arsioli et al. 2020  MNRAS  493  2438 
 2.418e+23, 2.043e-13, 5.355e-14,  55000.0000,  55000.0000,  ,4FGL-DR3    ,  The Fermi-LAT Collaboration 2022  arXiv:2201.11184 
 1.813e+22, 9.718e-12, 0.000e+00,  55000.0000,  55000.0000,UL,4FGL-DR3     ,  The Fermi-LAT Collaboration 2022  arXiv:2201.11184 
 4.835e+22, 1.623e-12, 0.000e+00,  55000.0000,  55000.0000,UL,4FGL-DR3     ,  The Fermi-LAT Collaboration 2022  arXiv:2201.11184 
 1.451e+23, 2.775e-13, 1.366e-13,  55000.0000,  55000.0000,  ,4FGL-DR3    ,  The Fermi-LAT Collaboration 2022  arXiv:2201.11184 
 4.835e+23, 1.425e-13, 7.555e-14,  55000.0000,  55000.0000,  ,4FGL-DR3    ,  The Fermi-LAT Collaboration 2022  arXiv:2201.11184 
 1.451e+24, 1.546e-13, 8.045e-14,  55000.0000,  55000.0000,  ,4FGL-DR3    ,  The Fermi-LAT Collaboration 2022  arXiv:2201.11184 
 4.835e+24, 7.791e-14, 5.979e-14,  55000.0000,  55000.0000,  ,4FGL-DR3    ,  The Fermi-LAT Collaboration 2022  arXiv:2201.11184 
 1.451e+25, 7.028e-13, 3.239e-13,  55000.0000,  55000.0000,  ,4FGL-DR3    ,  The Fermi-LAT Collaboration 2022  arXiv:2201.11184 
 1.451e+26, 1.628e-12, 0.000e+00,  55000.0000,  55000.0000,UL,4FGL-DR3     ,  The Fermi-LAT Collaboration 2022  arXiv:2201.11184 
 7.254e+24, 2.196e-13, 1.030e-13,  55000.0000,  55000.0000,  ,DEBL    ,  EBL-corrected flux 
 1.209e+25, 4.269e-13, 2.446e-13,  55000.0000,  55000.0000,  ,DEBL    ,  EBL-corrected flux 
 2.418e+25, 1.411e-12, 1.077e-12,  55000.0000,  55000.0000,  ,DEBL    ,  EBL-corrected flux 
 4.835e+24, 7.791e-14, 5.979e-14,  55000.0000,  55000.0000,  ,DEBL    ,  EBL-corrected flux 
 1.451e+25, 1.333e-12, 6.143e-13,  55000.0000,  55000.0000,  ,DEBL    ,  EBL-corrected flux 
 3.250e+08, 7.508e-16, 1.494e-16,  55000.0000,  55000.0000,  ,SPECFINDV3    ,  Stein et al.  2021  A&A  655  A17 
 3.250e+08, 6.272e-16, 1.267e-16,  55000.0000,  55000.0000,  ,SPECFINDV3    ,  Stein et al.  2021  A&A  655  A17 
 1.400e+09, 1.113e-15, 2.240e-16,  55000.0000,  55000.0000,  ,SPECFINDV3    ,  Stein et al.  2021  A&A  655  A17 
 1.500e+08, 3.870e-16, 7.800e-17,  55000.0000,  55000.0000,  ,SPECFINDV3    ,  Stein et al.  2021  A&A  655  A17 
 2.000e+08, 5.420e-16, 1.080e-16,  55000.0000,  55000.0000,  ,SPECFINDV3    ,  Stein et al.  2021  A&A  655  A17 
 8.400e+07, 4.275e-16, 4.830e-17,  55000.0000,  55000.0000,  ,GLEAMV2    ,  Hurley-Walker N. et al.  2017  MNRAS  464  1146. 
 9.200e+07, 4.473e-16, 4.595e-17,  55000.0000,  55000.0000,  ,GLEAMV2    ,  Hurley-Walker N. et al.  2017  MNRAS  464  1146. 
 9.900e+07, 3.974e-16, 4.535e-17,  55000.0000,  55000.0000,  ,GLEAMV2    ,  Hurley-Walker N. et al.  2017  MNRAS  464  1146. 
 1.070e+08, 4.272e-16, 4.350e-17,  55000.0000,  55000.0000,  ,GLEAMV2    ,  Hurley-Walker N. et al.  2017  MNRAS  464  1146. 
 1.150e+08, 4.664e-16, 4.060e-17,  55000.0000,  55000.0000,  ,GLEAMV2    ,  Hurley-Walker N. et al.  2017  MNRAS  464  1146. 
 1.220e+08, 4.685e-16, 3.845e-17,  55000.0000,  55000.0000,  ,GLEAMV2    ,  Hurley-Walker N. et al.  2017  MNRAS  464  1146. 
 1.300e+08, 5.127e-16, 3.770e-17,  55000.0000,  55000.0000,  ,GLEAMV2    ,  Hurley-Walker N. et al.  2017  MNRAS  464  1146. 
 1.430e+08, 5.179e-16, 2.635e-17,  55000.0000,  55000.0000,  ,GLEAMV2    ,  Hurley-Walker N. et al.  2017  MNRAS  464  1146. 
 1.510e+08, 5.085e-16, 2.630e-17,  55000.0000,  55000.0000,  ,GLEAMV2    ,  Hurley-Walker N. et al.  2017  MNRAS  464  1146. 
 1.580e+08, 5.275e-16, 2.565e-17,  55000.0000,  55000.0000,  ,GLEAMV2    ,  Hurley-Walker N. et al.  2017  MNRAS  464  1146. 
 1.660e+08, 5.375e-16, 2.510e-17,  55000.0000,  55000.0000,  ,GLEAMV2    ,  Hurley-Walker N. et al.  2017  MNRAS  464  1146. 
 1.740e+08, 5.201e-16, 2.560e-17,  55000.0000,  55000.0000,  ,GLEAMV2    ,  Hurley-Walker N. et al.  2017  MNRAS  464  1146. 
 1.810e+08, 5.198e-16, 2.485e-17,  55000.0000,  55000.0000,  ,GLEAMV2    ,  Hurley-Walker N. et al.  2017  MNRAS  464  1146. 
 1.890e+08, 5.228e-16, 2.370e-17,  55000.0000,  55000.0000,  ,GLEAMV2    ,  Hurley-Walker N. et al.  2017  MNRAS  464  1146. 
 1.970e+08, 5.324e-16, 2.230e-17,  55000.0000,  55000.0000,  ,GLEAMV2    ,  Hurley-Walker N. et al.  2017  MNRAS  464  1146. 
 2.040e+08, 5.756e-16, 2.590e-17,  55000.0000,  55000.0000,  ,GLEAMV2    ,  Hurley-Walker N. et al.  2017  MNRAS  464  1146. 
 2.120e+08, 5.166e-16, 2.460e-17,  55000.0000,  55000.0000,  ,GLEAMV2    ,  Hurley-Walker N. et al.  2017  MNRAS  464  1146. 
 2.200e+08, 5.474e-16, 2.500e-17,  55000.0000,  55000.0000,  ,GLEAMV2    ,  Hurley-Walker N. et al.  2017  MNRAS  464  1146. 
 2.270e+08, 5.944e-16, 2.470e-17,  55000.0000,  55000.0000,  ,GLEAMV2    ,  Hurley-Walker N. et al.  2017  MNRAS  464  1146. 
