freq. ,flux ,err_flux ,MJD_start ,MJD_end ,flag,catalog,reference
 1.400e+09, 8.204e-16, 2.520e-17,  55000.0000,  55000.0000,  ,NVSS    ,  Condon et al. 1998  AJ  115  1693 
 3.000e+09, 1.253e-15, 2.600e-17,  55000.0000,  55000.0000,  ,VLASSQL    ,  Gordon et al. 2021  ApJS  255  30 
 2.418e+17, 6.144e-13, 1.590e-13,  55000.0000,  55000.0000,  ,RASS    ,  Boller et al. 2016  A&A  103  1 
 2.418e+17, 3.123e-13, 4.220e-14,  55000.0000,  55000.0000,  ,WGACAT    ,  White et al. 2000  VizieR  IX/31/wgacat 
 1.500e+08, 6.615e-17, 9.150e-18,  55000.0000,  55000.0000,  ,TGSS150    ,  Intema et al. 2017  A&A  598  A781 
 4.800e+09, 1.248e-15, 1.920e-16,  55000.0000,  55000.0000,  ,GB6    ,  Gregory et al. 1996  ApJS  103  427 
 4.800e+09, 1.440e-15, 2.400e-16,  55000.0000,  55000.0000,  ,GB87    ,  Gregory et al. 1992  VizieR  VIII/14/j2000 
 8.817e+13, 2.194e-13, 2.100e-15,  55000.0000,  55000.0000,  ,UNWISE    ,  Schlafly et al. 2019  ApJS  240  30 
 6.517e+13, 1.855e-13, 3.100e-15,  55000.0000,  55000.0000,  ,UNWISE    ,  Schlafly et al. 2019  ApJS  240  30 
 8.817e+13, 2.233e-13, 6.800e-15,  55000.0000,  55000.0000,  ,WISE    ,  Wright et al. 2010  AJ  140  1868 
 6.517e+13, 1.855e-13, 8.050e-15,  55000.0000,  55000.0000,  ,WISE    ,  Wright et al. 2010  AJ  140  1868 
 2.498e+13, 2.849e-13, 3.210e-14,  55000.0000,  55000.0000,  ,WISE    ,  Wright et al. 2010  AJ  140  1868 
 1.363e+13, 3.275e-13, 1.472e-13,  55000.0000,  55000.0000,  ,WISE    ,  Wright et al. 2010  AJ  140  1868 
 8.817e+13, 2.595e-13, 2.750e-14,  57687.7266,  57687.7266,  ,NEOWISE    ,  Mainzer et al. 2014  ApJ  792  30 
 6.517e+13, 2.728e-13, 4.240e-14,  57687.7266,  57687.7266,  ,NEOWISE    ,  Mainzer et al. 2014  ApJ  792  30 
 8.817e+13, 1.780e-13, 2.370e-14,  57687.6602,  57687.6602,  ,NEOWISE    ,  Mainzer et al. 2014  ApJ  792  30 
 6.517e+13, 1.728e-13, 3.105e-14,  57687.6602,  57687.6602,  ,NEOWISE    ,  Mainzer et al. 2014  ApJ  792  30 
 8.817e+13, 2.399e-13, 2.815e-14,  57687.0039,  57687.0039,  ,NEOWISE    ,  Mainzer et al. 2014  ApJ  792  30 
 6.517e+13, 1.877e-13, 3.265e-14,  57687.0039,  57687.0039,  ,NEOWISE    ,  Mainzer et al. 2014  ApJ  792  30 
 8.817e+13, 1.864e-13, 2.650e-14,  57687.5273,  57687.5273,  ,NEOWISE    ,  Mainzer et al. 2014  ApJ  792  30 
 6.517e+13, 9.662e-14, 3.435e-14,  57687.5273,  57687.5273,  ,NEOWISE    ,  Mainzer et al. 2014  ApJ  792  30 
 8.817e+13, 1.713e-13, 2.295e-14,  57686.7422,  57686.7422,  ,NEOWISE    ,  Mainzer et al. 2014  ApJ  792  30 
 6.517e+13, 2.436e-13, 3.695e-14,  57686.7422,  57686.7422,  ,NEOWISE    ,  Mainzer et al. 2014  ApJ  792  30 
 8.817e+13, 2.424e-13, 2.350e-14,  57687.0703,  57687.0703,  ,NEOWISE    ,  Mainzer et al. 2014  ApJ  792  30 
 6.517e+13, 1.967e-13, 5.035e-14,  57687.0703,  57687.0703,  ,NEOWISE    ,  Mainzer et al. 2014  ApJ  792  30 
 8.817e+13, 2.371e-13, 2.320e-14,  57687.8555,  57687.8555,  ,NEOWISE    ,  Mainzer et al. 2014  ApJ  792  30 
 6.517e+13, 1.766e-13, 5.130e-14,  57687.8555,  57687.8555,  ,NEOWISE    ,  Mainzer et al. 2014  ApJ  792  30 
 8.817e+13, 1.838e-13, 2.550e-14,  57687.3320,  57687.3320,  ,NEOWISE    ,  Mainzer et al. 2014  ApJ  792  30 
 6.517e+13, 2.523e-13, 3.780e-14,  57687.3320,  57687.3320,  ,NEOWISE    ,  Mainzer et al. 2014  ApJ  792  30 
 8.817e+13, 2.180e-13, 2.155e-14,  57687.9883,  57687.9883,  ,NEOWISE    ,  Mainzer et al. 2014  ApJ  792  30 
 6.517e+13, 1.817e-13, 3.520e-14,  57687.9883,  57687.9883,  ,NEOWISE    ,  Mainzer et al. 2014  ApJ  792  30 
 8.817e+13, 2.293e-13, 2.175e-14,  57687.2031,  57687.2031,  ,NEOWISE    ,  Mainzer et al. 2014  ApJ  792  30 
 6.517e+13, 2.343e-13, 3.730e-14,  57687.2031,  57687.2031,  ,NEOWISE    ,  Mainzer et al. 2014  ApJ  792  30 
 8.817e+13, 1.977e-13, 3.645e-14,  57687.3984,  57687.3984,  ,NEOWISE    ,  Mainzer et al. 2014  ApJ  792  30 
 6.517e+13, 2.303e-13, 3.490e-14,  57687.3984,  57687.3984,  ,NEOWISE    ,  Mainzer et al. 2014  ApJ  792  30 
 8.817e+13, 1.854e-13, 2.500e-14,  57686.8750,  57686.8750,  ,NEOWISE    ,  Mainzer et al. 2014  ApJ  792  30 
 6.517e+13, 2.230e-13, 3.420e-14,  57686.8750,  57686.8750,  ,NEOWISE    ,  Mainzer et al. 2014  ApJ  792  30 
 8.817e+13, 1.968e-13, 2.215e-14,  57687.0039,  57687.0039,  ,NEOWISE    ,  Mainzer et al. 2014  ApJ  792  30 
 6.517e+13, 9.653e-14, 4.088e-14,  57687.0039,  57687.0039,  ,NEOWISE    ,  Mainzer et al. 2014  ApJ  792  30 
 8.817e+13, 2.724e-13, 3.725e-14,  57687.2656,  57687.2656,  ,NEOWISE    ,  Mainzer et al. 2014  ApJ  792  30 
 6.517e+13, 1.598e-13, 4.180e-14,  57687.2656,  57687.2656,  ,NEOWISE    ,  Mainzer et al. 2014  ApJ  792  30 
 8.817e+13, 2.879e-13, 3.190e-14,  57687.5938,  57687.5938,  ,NEOWISE    ,  Mainzer et al. 2014  ApJ  792  30 
 6.517e+13, 1.564e-13, 5.710e-14,  57687.5938,  57687.5938,  ,NEOWISE    ,  Mainzer et al. 2014  ApJ  792  30 
 8.817e+13, 2.090e-13, 2.565e-14,  58051.9297,  58051.9297,  ,NEOWISE    ,  Mainzer et al. 2014  ApJ  792  30 
 6.517e+13, 1.600e-13, 3.340e-14,  58051.9297,  58051.9297,  ,NEOWISE    ,  Mainzer et al. 2014  ApJ  792  30 
 8.817e+13, 1.929e-13, 2.335e-14,  58051.8008,  58051.8008,  ,NEOWISE    ,  Mainzer et al. 2014  ApJ  792  30 
 6.517e+13, 1.627e-13, 3.305e-14,  58051.8008,  58051.8008,  ,NEOWISE    ,  Mainzer et al. 2014  ApJ  792  30 
 8.817e+13, 2.526e-13, 2.375e-14,  58051.8633,  58051.8633,  ,NEOWISE    ,  Mainzer et al. 2014  ApJ  792  30 
 6.517e+13, 2.425e-13, 3.405e-14,  58051.8633,  58051.8633,  ,NEOWISE    ,  Mainzer et al. 2014  ApJ  792  30 
 8.817e+13, 2.099e-13, 2.325e-14,  58051.0781,  58051.0781,  ,NEOWISE    ,  Mainzer et al. 2014  ApJ  792  30 
 6.517e+13, 2.127e-13, 4.060e-14,  58051.0781,  58051.0781,  ,NEOWISE    ,  Mainzer et al. 2014  ApJ  792  30 
 8.817e+13, 2.410e-13, 2.225e-14,  58052.3242,  58052.3242,  ,NEOWISE    ,  Mainzer et al. 2014  ApJ  792  30 
 6.517e+13, 1.473e-13, 0.000e+00,  58052.3242,  58052.3242,UL,NEOWISE     ,  Mainzer et al. 2014  ApJ  792  30 
 8.817e+13, 2.231e-13, 2.285e-14,  58051.5391,  58051.5391,  ,NEOWISE    ,  Mainzer et al. 2014  ApJ  792  30 
 6.517e+13, 1.535e-13, 3.625e-14,  58051.5391,  58051.5391,  ,NEOWISE    ,  Mainzer et al. 2014  ApJ  792  30 
 8.817e+13, 2.903e-13, 3.050e-14,  57848.6953,  57848.6953,  ,NEOWISE    ,  Mainzer et al. 2014  ApJ  792  30 
 6.517e+13, 2.201e-13, 3.585e-14,  57848.6953,  57848.6953,  ,NEOWISE    ,  Mainzer et al. 2014  ApJ  792  30 
 8.817e+13, 2.616e-13, 2.460e-14,  57846.1406,  57846.1406,  ,NEOWISE    ,  Mainzer et al. 2014  ApJ  792  30 
 6.517e+13, 2.438e-13, 3.515e-14,  57846.1406,  57846.1406,  ,NEOWISE    ,  Mainzer et al. 2014  ApJ  792  30 
 8.817e+13, 2.358e-13, 3.270e-14,  57846.0117,  57846.0117,  ,NEOWISE    ,  Mainzer et al. 2014  ApJ  792  30 
 6.517e+13, 1.761e-13, 3.345e-14,  57846.0117,  57846.0117,  ,NEOWISE    ,  Mainzer et al. 2014  ApJ  792  30 
 8.817e+13, 2.358e-13, 2.305e-14,  57845.8789,  57845.8789,  ,NEOWISE    ,  Mainzer et al. 2014  ApJ  792  30 
 6.517e+13, 1.718e-13, 3.310e-14,  57845.8789,  57845.8789,  ,NEOWISE    ,  Mainzer et al. 2014  ApJ  792  30 
 8.817e+13, 2.051e-13, 2.425e-14,  57846.0117,  57846.0117,  ,NEOWISE    ,  Mainzer et al. 2014  ApJ  792  30 
 6.517e+13, 1.538e-13, 3.615e-14,  57846.0117,  57846.0117,  ,NEOWISE    ,  Mainzer et al. 2014  ApJ  792  30 
 8.817e+13, 2.552e-13, 2.400e-14,  57845.5547,  57845.5547,  ,NEOWISE    ,  Mainzer et al. 2014  ApJ  792  30 
 6.517e+13, 2.024e-13, 3.350e-14,  57845.5547,  57845.5547,  ,NEOWISE    ,  Mainzer et al. 2014  ApJ  792  30 
 8.817e+13, 2.212e-13, 2.530e-14,  57848.7617,  57848.7617,  ,NEOWISE    ,  Mainzer et al. 2014  ApJ  792  30 
 6.517e+13, 2.022e-13, 4.105e-14,  57848.7617,  57848.7617,  ,NEOWISE    ,  Mainzer et al. 2014  ApJ  792  30 
 8.817e+13, 2.464e-13, 2.615e-14,  57848.6289,  57848.6289,  ,NEOWISE    ,  Mainzer et al. 2014  ApJ  792  30 
 6.517e+13, 2.179e-13, 3.670e-14,  57848.6289,  57848.6289,  ,NEOWISE    ,  Mainzer et al. 2014  ApJ  792  30 
 8.817e+13, 1.709e-13, 2.180e-14,  57849.0234,  57849.0234,  ,NEOWISE    ,  Mainzer et al. 2014  ApJ  792  30 
 6.517e+13, 1.838e-13, 3.805e-14,  57849.0234,  57849.0234,  ,NEOWISE    ,  Mainzer et al. 2014  ApJ  792  30 
 8.817e+13, 2.633e-13, 2.330e-14,  57845.4883,  57845.4883,  ,NEOWISE    ,  Mainzer et al. 2014  ApJ  792  30 
 6.517e+13, 1.472e-13, 3.515e-14,  57845.4883,  57845.4883,  ,NEOWISE    ,  Mainzer et al. 2014  ApJ  792  30 
 8.817e+13, 1.861e-13, 2.715e-14,  57845.4219,  57845.4219,  ,NEOWISE    ,  Mainzer et al. 2014  ApJ  792  30 
 6.517e+13, 1.563e-13, 3.685e-14,  57845.4219,  57845.4219,  ,NEOWISE    ,  Mainzer et al. 2014  ApJ  792  30 
 8.817e+13, 2.680e-13, 2.670e-14,  57845.2891,  57845.2891,  ,NEOWISE    ,  Mainzer et al. 2014  ApJ  792  30 
 6.517e+13, 2.195e-13, 3.965e-14,  57845.2891,  57845.2891,  ,NEOWISE    ,  Mainzer et al. 2014  ApJ  792  30 
 8.817e+13, 2.521e-13, 3.050e-14,  57845.6836,  57845.6836,  ,NEOWISE    ,  Mainzer et al. 2014  ApJ  792  30 
 6.517e+13, 2.213e-13, 3.460e-14,  57845.6836,  57845.6836,  ,NEOWISE    ,  Mainzer et al. 2014  ApJ  792  30 
 8.817e+13, 1.471e-13, 2.880e-14,  57848.8906,  57848.8906,  ,NEOWISE    ,  Mainzer et al. 2014  ApJ  792  30 
 6.517e+13, 2.071e-13, 3.935e-14,  57848.8906,  57848.8906,  ,NEOWISE    ,  Mainzer et al. 2014  ApJ  792  30 
 8.817e+13, 2.971e-13, 2.275e-14,  57845.2266,  57845.2266,  ,NEOWISE    ,  Mainzer et al. 2014  ApJ  792  30 
 6.517e+13, 1.698e-13, 3.380e-14,  57845.2266,  57845.2266,  ,NEOWISE    ,  Mainzer et al. 2014  ApJ  792  30 
 8.817e+13, 2.421e-13, 2.280e-14,  57845.7500,  57845.7500,  ,NEOWISE    ,  Mainzer et al. 2014  ApJ  792  30 
 6.517e+13, 3.055e-13, 4.715e-14,  57845.7500,  57845.7500,  ,NEOWISE    ,  Mainzer et al. 2014  ApJ  792  30 
 8.817e+13, 2.884e-13, 2.420e-14,  57845.3555,  57845.3555,  ,NEOWISE    ,  Mainzer et al. 2014  ApJ  792  30 
 6.517e+13, 1.250e-13, 5.343e-14,  57845.3555,  57845.3555,  ,NEOWISE    ,  Mainzer et al. 2014  ApJ  792  30 
 8.817e+13, 1.832e-13, 2.965e-14,  57845.6172,  57845.6172,  ,NEOWISE    ,  Mainzer et al. 2014  ApJ  792  30 
 6.517e+13, 2.265e-13, 4.365e-14,  57845.6172,  57845.6172,  ,NEOWISE    ,  Mainzer et al. 2014  ApJ  792  30 
 8.817e+13, 2.218e-13, 2.230e-14,  57848.4336,  57848.4336,  ,NEOWISE    ,  Mainzer et al. 2014  ApJ  792  30 
 6.517e+13, 2.625e-13, 4.815e-14,  57848.4336,  57848.4336,  ,NEOWISE    ,  Mainzer et al. 2014  ApJ  792  30 
 8.817e+13, 1.876e-13, 3.215e-14,  57848.5664,  57848.5664,  ,NEOWISE    ,  Mainzer et al. 2014  ApJ  792  30 
 6.517e+13, 1.339e-13, 5.111e-14,  57848.5664,  57848.5664,  ,NEOWISE    ,  Mainzer et al. 2014  ApJ  792  30 
 8.817e+13, 2.188e-13, 2.970e-14,  57844.8984,  57844.8984,  ,NEOWISE    ,  Mainzer et al. 2014  ApJ  792  30 
 6.517e+13, 2.191e-13, 4.700e-14,  57844.8984,  57844.8984,  ,NEOWISE    ,  Mainzer et al. 2014  ApJ  792  30 
 8.817e+13, 2.276e-13, 2.390e-14,  57844.7656,  57844.7656,  ,NEOWISE    ,  Mainzer et al. 2014  ApJ  792  30 
 6.517e+13, 2.586e-13, 3.150e-14,  57844.7656,  57844.7656,  ,NEOWISE    ,  Mainzer et al. 2014  ApJ  792  30 
 8.817e+13, 2.323e-13, 4.785e-14,  57845.0273,  57845.0273,  ,NEOWISE    ,  Mainzer et al. 2014  ApJ  792  30 
 6.517e+13, 1.621e-13, 4.800e-14,  57845.0273,  57845.0273,  ,NEOWISE    ,  Mainzer et al. 2014  ApJ  792  30 
 8.817e+13, 1.943e-13, 2.510e-14,  58415.4805,  58415.4805,  ,NEOWISE    ,  Mainzer et al. 2014  ApJ  792  30 
 6.517e+13, 1.971e-13, 6.330e-14,  58415.4805,  58415.4805,  ,NEOWISE    ,  Mainzer et al. 2014  ApJ  792  30 
 8.817e+13, 2.650e-13, 2.370e-14,  58415.3516,  58415.3516,  ,NEOWISE    ,  Mainzer et al. 2014  ApJ  792  30 
 6.517e+13, 1.426e-13, 3.435e-14,  58415.3516,  58415.3516,  ,NEOWISE    ,  Mainzer et al. 2014  ApJ  792  30 
 8.817e+13, 2.375e-13, 2.740e-14,  58415.2188,  58415.2188,  ,NEOWISE    ,  Mainzer et al. 2014  ApJ  792  30 
 6.517e+13, 2.058e-13, 3.620e-14,  58415.2188,  58415.2188,  ,NEOWISE    ,  Mainzer et al. 2014  ApJ  792  30 
 8.817e+13, 2.048e-13, 2.195e-14,  58572.5664,  58572.5664,  ,NEOWISE    ,  Mainzer et al. 2014  ApJ  792  30 
 6.517e+13, 2.106e-13, 3.585e-14,  58572.5664,  58572.5664,  ,NEOWISE    ,  Mainzer et al. 2014  ApJ  792  30 
 8.817e+13, 2.192e-13, 2.290e-14,  58573.2188,  58573.2188,  ,NEOWISE    ,  Mainzer et al. 2014  ApJ  792  30 
 6.517e+13, 2.303e-13, 3.775e-14,  58573.2188,  58573.2188,  ,NEOWISE    ,  Mainzer et al. 2014  ApJ  792  30 
 8.817e+13, 2.334e-13, 2.435e-14,  58573.5469,  58573.5469,  ,NEOWISE    ,  Mainzer et al. 2014  ApJ  792  30 
 6.517e+13, 2.004e-13, 4.330e-14,  58573.5469,  58573.5469,  ,NEOWISE    ,  Mainzer et al. 2014  ApJ  792  30 
 8.817e+13, 2.323e-13, 2.615e-14,  58572.8281,  58572.8281,  ,NEOWISE    ,  Mainzer et al. 2014  ApJ  792  30 
 6.517e+13, 2.222e-13, 4.050e-14,  58572.8281,  58572.8281,  ,NEOWISE    ,  Mainzer et al. 2014  ApJ  792  30 
 8.817e+13, 2.482e-13, 2.890e-14,  58573.8086,  58573.8086,  ,NEOWISE    ,  Mainzer et al. 2014  ApJ  792  30 
 6.517e+13, 2.054e-13, 3.425e-14,  58573.8086,  58573.8086,  ,NEOWISE    ,  Mainzer et al. 2014  ApJ  792  30 
 8.817e+13, 1.613e-13, 2.220e-14,  58572.6953,  58572.6953,  ,NEOWISE    ,  Mainzer et al. 2014  ApJ  792  30 
 6.517e+13, 2.651e-13, 4.440e-14,  58572.6953,  58572.6953,  ,NEOWISE    ,  Mainzer et al. 2014  ApJ  792  30 
 8.817e+13, 2.460e-13, 2.335e-14,  58573.6758,  58573.6758,  ,NEOWISE    ,  Mainzer et al. 2014  ApJ  792  30 
 6.517e+13, 3.016e-13, 3.960e-14,  58573.6758,  58573.6758,  ,NEOWISE    ,  Mainzer et al. 2014  ApJ  792  30 
 8.817e+13, 2.281e-13, 2.570e-14,  58572.4336,  58572.4336,  ,NEOWISE    ,  Mainzer et al. 2014  ApJ  792  30 
 6.517e+13, 1.545e-13, 4.370e-14,  58572.4336,  58572.4336,  ,NEOWISE    ,  Mainzer et al. 2014  ApJ  792  30 
 8.817e+13, 2.863e-13, 2.855e-14,  58572.9570,  58572.9570,  ,NEOWISE    ,  Mainzer et al. 2014  ApJ  792  30 
 6.517e+13, 1.684e-13, 3.625e-14,  58572.9570,  58572.9570,  ,NEOWISE    ,  Mainzer et al. 2014  ApJ  792  30 
 8.817e+13, 2.014e-13, 2.265e-14,  58573.1523,  58573.1523,  ,NEOWISE    ,  Mainzer et al. 2014  ApJ  792  30 
 6.517e+13, 2.143e-13, 3.710e-14,  58573.1523,  58573.1523,  ,NEOWISE    ,  Mainzer et al. 2014  ApJ  792  30 
 8.817e+13, 2.329e-13, 2.475e-14,  58573.4141,  58573.4141,  ,NEOWISE    ,  Mainzer et al. 2014  ApJ  792  30 
 6.517e+13, 1.425e-13, 3.350e-14,  58573.4141,  58573.4141,  ,NEOWISE    ,  Mainzer et al. 2014  ApJ  792  30 
 8.817e+13, 2.494e-13, 2.740e-14,  58573.3516,  58573.3516,  ,NEOWISE    ,  Mainzer et al. 2014  ApJ  792  30 
 6.517e+13, 2.205e-13, 3.550e-14,  58573.3516,  58573.3516,  ,NEOWISE    ,  Mainzer et al. 2014  ApJ  792  30 
 8.817e+13, 2.375e-13, 2.410e-14,  58573.0898,  58573.0898,  ,NEOWISE    ,  Mainzer et al. 2014  ApJ  792  30 
 6.517e+13, 2.361e-13, 3.495e-14,  58573.0898,  58573.0898,  ,NEOWISE    ,  Mainzer et al. 2014  ApJ  792  30 
 8.817e+13, 2.300e-13, 2.335e-14,  58572.8906,  58572.8906,  ,NEOWISE    ,  Mainzer et al. 2014  ApJ  792  30 
 6.517e+13, 1.799e-13, 3.280e-14,  58572.8906,  58572.8906,  ,NEOWISE    ,  Mainzer et al. 2014  ApJ  792  30 
 8.817e+13, 2.227e-13, 2.220e-14,  58782.8242,  58782.8242,  ,NEOWISE    ,  Mainzer et al. 2014  ApJ  792  30 
 6.517e+13, 1.567e-13, 4.490e-14,  58782.8242,  58782.8242,  ,NEOWISE    ,  Mainzer et al. 2014  ApJ  792  30 
 8.817e+13, 2.076e-13, 2.375e-14,  58782.5625,  58782.5625,  ,NEOWISE    ,  Mainzer et al. 2014  ApJ  792  30 
 6.517e+13, 2.129e-13, 4.085e-14,  58782.5625,  58782.5625,  ,NEOWISE    ,  Mainzer et al. 2014  ApJ  792  30 
 8.817e+13, 2.121e-13, 2.565e-14,  58783.2188,  58783.2188,  ,NEOWISE    ,  Mainzer et al. 2014  ApJ  792  30 
 6.517e+13, 1.584e-13, 3.265e-14,  58783.2188,  58783.2188,  ,NEOWISE    ,  Mainzer et al. 2014  ApJ  792  30 
 8.817e+13, 2.879e-13, 3.030e-14,  58783.4766,  58783.4766,  ,NEOWISE    ,  Mainzer et al. 2014  ApJ  792  30 
 6.517e+13, 1.465e-13, 4.295e-14,  58783.4766,  58783.4766,  ,NEOWISE    ,  Mainzer et al. 2014  ApJ  792  30 
 8.817e+13, 2.585e-13, 3.150e-14,  58782.8906,  58782.8906,  ,NEOWISE    ,  Mainzer et al. 2014  ApJ  792  30 
 6.517e+13, 2.284e-13, 6.285e-14,  58782.8906,  58782.8906,  ,NEOWISE    ,  Mainzer et al. 2014  ApJ  792  30 
 8.817e+13, 2.117e-13, 2.425e-14,  58782.6953,  58782.6953,  ,NEOWISE    ,  Mainzer et al. 2014  ApJ  792  30 
 6.517e+13, 1.579e-13, 3.665e-14,  58782.6953,  58782.6953,  ,NEOWISE    ,  Mainzer et al. 2014  ApJ  792  30 
 8.817e+13, 2.103e-13, 2.350e-14,  58782.6289,  58782.6289,  ,NEOWISE    ,  Mainzer et al. 2014  ApJ  792  30 
 6.517e+13, 1.469e-13, 4.240e-14,  58782.6289,  58782.6289,  ,NEOWISE    ,  Mainzer et al. 2014  ApJ  792  30 
 8.817e+13, 2.585e-13, 4.330e-14,  58782.7578,  58782.7578,  ,NEOWISE    ,  Mainzer et al. 2014  ApJ  792  30 
 6.517e+13, 1.623e-13, 4.110e-14,  58782.7578,  58782.7578,  ,NEOWISE    ,  Mainzer et al. 2014  ApJ  792  30 
 8.817e+13, 2.152e-13, 2.940e-14,  58783.0195,  58783.0195,  ,NEOWISE    ,  Mainzer et al. 2014  ApJ  792  30 
 6.517e+13, 1.687e-13, 3.570e-14,  58783.0195,  58783.0195,  ,NEOWISE    ,  Mainzer et al. 2014  ApJ  792  30 
 8.817e+13, 2.272e-13, 2.200e-14,  58782.2344,  58782.2344,  ,NEOWISE    ,  Mainzer et al. 2014  ApJ  792  30 
 6.517e+13, 2.094e-13, 3.410e-14,  58782.2344,  58782.2344,  ,NEOWISE    ,  Mainzer et al. 2014  ApJ  792  30 
 8.817e+13, 1.629e-13, 2.565e-14,  58783.3477,  58783.3477,  ,NEOWISE    ,  Mainzer et al. 2014  ApJ  792  30 
 6.517e+13, 1.884e-13, 4.485e-14,  58783.3477,  58783.3477,  ,NEOWISE    ,  Mainzer et al. 2014  ApJ  792  30 
 8.817e+13, 2.417e-13, 2.255e-14,  58782.7578,  58782.7578,  ,NEOWISE    ,  Mainzer et al. 2014  ApJ  792  30 
 6.517e+13, 1.802e-13, 3.425e-14,  58782.7578,  58782.7578,  ,NEOWISE    ,  Mainzer et al. 2014  ApJ  792  30 
 8.817e+13, 2.253e-13, 3.040e-14,  58782.9570,  58782.9570,  ,NEOWISE    ,  Mainzer et al. 2014  ApJ  792  30 
 6.517e+13, 2.723e-13, 4.025e-14,  58782.9570,  58782.9570,  ,NEOWISE    ,  Mainzer et al. 2014  ApJ  792  30 
 8.817e+13, 2.123e-13, 2.235e-14,  58782.4961,  58782.4961,  ,NEOWISE    ,  Mainzer et al. 2014  ApJ  792  30 
 6.517e+13, 1.863e-13, 4.240e-14,  58782.4961,  58782.4961,  ,NEOWISE    ,  Mainzer et al. 2014  ApJ  792  30 
 8.817e+13, 1.845e-13, 2.285e-14,  58783.0859,  58783.0859,  ,NEOWISE    ,  Mainzer et al. 2014  ApJ  792  30 
 6.517e+13, 1.265e-13, 4.371e-14,  58783.0859,  58783.0859,  ,NEOWISE    ,  Mainzer et al. 2014  ApJ  792  30 
 8.817e+13, 2.097e-13, 2.285e-14,  58782.3672,  58782.3672,  ,NEOWISE    ,  Mainzer et al. 2014  ApJ  792  30 
 6.517e+13, 2.209e-13, 0.000e+00,  58782.3672,  58782.3672,UL,NEOWISE     ,  Mainzer et al. 2014  ApJ  792  30 
 8.817e+13, 2.033e-13, 2.420e-14,  59511.0039,  59511.0039,  ,NEOWISE    ,  Mainzer et al. 2014  ApJ  792  30 
 6.517e+13, 2.120e-13, 4.565e-14,  59511.0039,  59511.0039,  ,NEOWISE    ,  Mainzer et al. 2014  ApJ  792  30 
 8.817e+13, 1.965e-13, 4.085e-14,  59511.8555,  59511.8555,  ,NEOWISE    ,  Mainzer et al. 2014  ApJ  792  30 
 6.517e+13, 1.901e-13, 4.275e-14,  59511.8555,  59511.8555,  ,NEOWISE    ,  Mainzer et al. 2014  ApJ  792  30 
 8.817e+13, 1.852e-13, 2.635e-14,  59511.3984,  59511.3984,  ,NEOWISE    ,  Mainzer et al. 2014  ApJ  792  30 
 6.517e+13, 1.236e-13, 5.318e-14,  59511.3984,  59511.3984,  ,NEOWISE    ,  Mainzer et al. 2014  ApJ  792  30 
 8.817e+13, 1.542e-13, 3.060e-14,  59511.4648,  59511.4648,  ,NEOWISE    ,  Mainzer et al. 2014  ApJ  792  30 
 6.517e+13, 3.295e-13, 5.115e-14,  59511.4648,  59511.4648,  ,NEOWISE    ,  Mainzer et al. 2014  ApJ  792  30 
 8.817e+13, 2.038e-13, 2.465e-14,  59510.8750,  59510.8750,  ,NEOWISE    ,  Mainzer et al. 2014  ApJ  792  30 
 6.517e+13, 1.933e-13, 3.690e-14,  59510.8750,  59510.8750,  ,NEOWISE    ,  Mainzer et al. 2014  ApJ  792  30 
 8.817e+13, 2.538e-13, 2.505e-14,  58415.9375,  58415.9375,  ,NEOWISE    ,  Mainzer et al. 2014  ApJ  792  30 
 6.517e+13, 1.688e-13, 4.145e-14,  58415.9375,  58415.9375,  ,NEOWISE    ,  Mainzer et al. 2014  ApJ  792  30 
 8.817e+13, 2.038e-13, 2.295e-14,  58415.8750,  58415.8750,  ,NEOWISE    ,  Mainzer et al. 2014  ApJ  792  30 
 6.517e+13, 1.656e-13, 3.645e-14,  58415.8750,  58415.8750,  ,NEOWISE    ,  Mainzer et al. 2014  ApJ  792  30 
 8.817e+13, 2.206e-13, 2.460e-14,  58415.7422,  58415.7422,  ,NEOWISE    ,  Mainzer et al. 2014  ApJ  792  30 
 6.517e+13, 2.085e-13, 4.725e-14,  58415.7422,  58415.7422,  ,NEOWISE    ,  Mainzer et al. 2014  ApJ  792  30 
 8.817e+13, 1.616e-13, 2.480e-14,  58415.6133,  58415.6133,  ,NEOWISE    ,  Mainzer et al. 2014  ApJ  792  30 
 6.517e+13, 1.731e-13, 3.905e-14,  58415.6133,  58415.6133,  ,NEOWISE    ,  Mainzer et al. 2014  ApJ  792  30 
 8.817e+13, 1.830e-13, 2.350e-14,  58416.1367,  58416.1367,  ,NEOWISE    ,  Mainzer et al. 2014  ApJ  792  30 
 6.517e+13, 2.537e-13, 3.750e-14,  58416.1367,  58416.1367,  ,NEOWISE    ,  Mainzer et al. 2014  ApJ  792  30 
 8.817e+13, 1.807e-13, 2.350e-14,  58416.0039,  58416.0039,  ,NEOWISE    ,  Mainzer et al. 2014  ApJ  792  30 
 6.517e+13, 1.617e-13, 0.000e+00,  58416.0039,  58416.0039,UL,NEOWISE     ,  Mainzer et al. 2014  ApJ  792  30 
 8.817e+13, 2.225e-13, 2.650e-14,  58416.4609,  58416.4609,  ,NEOWISE    ,  Mainzer et al. 2014  ApJ  792  30 
 6.517e+13, 2.311e-13, 3.570e-14,  58416.4609,  58416.4609,  ,NEOWISE    ,  Mainzer et al. 2014  ApJ  792  30 
 8.817e+13, 2.150e-13, 2.305e-14,  58416.0703,  58416.0703,  ,NEOWISE    ,  Mainzer et al. 2014  ApJ  792  30 
 6.517e+13, 1.464e-13, 0.000e+00,  58416.0703,  58416.0703,UL,NEOWISE     ,  Mainzer et al. 2014  ApJ  792  30 
 8.817e+13, 2.366e-13, 2.185e-14,  58415.8086,  58415.8086,  ,NEOWISE    ,  Mainzer et al. 2014  ApJ  792  30 
 6.517e+13, 1.935e-13, 4.185e-14,  58415.8086,  58415.8086,  ,NEOWISE    ,  Mainzer et al. 2014  ApJ  792  30 
 8.817e+13, 2.103e-13, 2.330e-14,  58416.3320,  58416.3320,  ,NEOWISE    ,  Mainzer et al. 2014  ApJ  792  30 
 6.517e+13, 1.826e-13, 5.095e-14,  58416.3320,  58416.3320,  ,NEOWISE    ,  Mainzer et al. 2014  ApJ  792  30 
 8.817e+13, 2.410e-13, 2.470e-14,  58415.8750,  58415.8750,  ,NEOWISE    ,  Mainzer et al. 2014  ApJ  792  30 
 6.517e+13, 1.476e-13, 0.000e+00,  58415.8750,  58415.8750,UL,NEOWISE     ,  Mainzer et al. 2014  ApJ  792  30 
 8.817e+13, 1.792e-13, 2.250e-14,  58415.6758,  58415.6758,  ,NEOWISE    ,  Mainzer et al. 2014  ApJ  792  30 
 6.517e+13, 1.761e-13, 3.525e-14,  58415.6758,  58415.6758,  ,NEOWISE    ,  Mainzer et al. 2014  ApJ  792  30 
 8.817e+13, 1.741e-13, 2.250e-14,  56958.2031,  56958.2031,  ,NEOWISE    ,  Mainzer et al. 2014  ApJ  792  30 
 6.517e+13, 1.429e-13, 3.520e-14,  56958.2031,  56958.2031,  ,NEOWISE    ,  Mainzer et al. 2014  ApJ  792  30 
 8.817e+13, 2.712e-13, 2.305e-14,  56957.8750,  56957.8750,  ,NEOWISE    ,  Mainzer et al. 2014  ApJ  792  30 
 6.517e+13, 2.112e-13, 3.735e-14,  56957.8750,  56957.8750,  ,NEOWISE    ,  Mainzer et al. 2014  ApJ  792  30 
 8.817e+13, 2.138e-13, 2.610e-14,  56958.4023,  56958.4023,  ,NEOWISE    ,  Mainzer et al. 2014  ApJ  792  30 
 6.517e+13, 1.826e-13, 3.450e-14,  56958.4023,  56958.4023,  ,NEOWISE    ,  Mainzer et al. 2014  ApJ  792  30 
 8.817e+13, 2.046e-13, 2.490e-14,  56958.6641,  56958.6641,  ,NEOWISE    ,  Mainzer et al. 2014  ApJ  792  30 
 6.517e+13, 1.605e-13, 3.455e-14,  56958.6641,  56958.6641,  ,NEOWISE    ,  Mainzer et al. 2014  ApJ  792  30 
 8.817e+13, 2.186e-13, 3.765e-14,  56958.0078,  56958.0078,  ,NEOWISE    ,  Mainzer et al. 2014  ApJ  792  30 
 6.517e+13, 1.877e-13, 3.740e-14,  56958.0078,  56958.0078,  ,NEOWISE    ,  Mainzer et al. 2014  ApJ  792  30 
 8.817e+13, 2.148e-13, 2.260e-14,  56958.3359,  56958.3359,  ,NEOWISE    ,  Mainzer et al. 2014  ApJ  792  30 
 6.517e+13, 1.984e-13, 3.120e-14,  56958.3359,  56958.3359,  ,NEOWISE    ,  Mainzer et al. 2014  ApJ  792  30 
 8.817e+13, 2.198e-13, 2.110e-14,  56958.7305,  56958.7305,  ,NEOWISE    ,  Mainzer et al. 2014  ApJ  792  30 
 6.517e+13, 1.509e-13, 3.150e-14,  56958.7305,  56958.7305,  ,NEOWISE    ,  Mainzer et al. 2014  ApJ  792  30 
 8.817e+13, 1.878e-13, 2.310e-14,  56957.7461,  56957.7461,  ,NEOWISE    ,  Mainzer et al. 2014  ApJ  792  30 
 6.517e+13, 2.066e-13, 4.425e-14,  56957.7461,  56957.7461,  ,NEOWISE    ,  Mainzer et al. 2014  ApJ  792  30 
 8.817e+13, 1.576e-13, 3.215e-14,  56958.5312,  56958.5312,  ,NEOWISE    ,  Mainzer et al. 2014  ApJ  792  30 
 6.517e+13, 2.226e-13, 3.895e-14,  56958.5312,  56958.5312,  ,NEOWISE    ,  Mainzer et al. 2014  ApJ  792  30 
 8.817e+13, 2.021e-13, 2.430e-14,  56958.2695,  56958.2695,  ,NEOWISE    ,  Mainzer et al. 2014  ApJ  792  30 
 6.517e+13, 1.912e-13, 5.055e-14,  56958.2695,  56958.2695,  ,NEOWISE    ,  Mainzer et al. 2014  ApJ  792  30 
 8.817e+13, 2.573e-13, 2.490e-14,  56958.9922,  56958.9922,  ,NEOWISE    ,  Mainzer et al. 2014  ApJ  792  30 
 6.517e+13, 2.240e-13, 4.255e-14,  56958.9922,  56958.9922,  ,NEOWISE    ,  Mainzer et al. 2014  ApJ  792  30 
 8.817e+13, 2.419e-13, 2.435e-14,  56958.5352,  56958.5352,  ,NEOWISE    ,  Mainzer et al. 2014  ApJ  792  30 
 6.517e+13, 1.240e-13, 4.468e-14,  56958.5352,  56958.5352,  ,NEOWISE    ,  Mainzer et al. 2014  ApJ  792  30 
 8.817e+13, 2.184e-13, 2.315e-14,  56958.4688,  56958.4688,  ,NEOWISE    ,  Mainzer et al. 2014  ApJ  792  30 
 6.517e+13, 1.437e-13, 3.255e-14,  56958.4688,  56958.4688,  ,NEOWISE    ,  Mainzer et al. 2014  ApJ  792  30 
 8.817e+13, 2.154e-13, 2.370e-14,  56958.7305,  56958.7305,  ,NEOWISE    ,  Mainzer et al. 2014  ApJ  792  30 
 6.517e+13, 1.765e-13, 3.255e-14,  56958.7305,  56958.7305,  ,NEOWISE    ,  Mainzer et al. 2014  ApJ  792  30 
 8.817e+13, 2.606e-13, 2.475e-14,  56958.8633,  56958.8633,  ,NEOWISE    ,  Mainzer et al. 2014  ApJ  792  30 
 6.517e+13, 2.983e-13, 3.745e-14,  56958.8633,  56958.8633,  ,NEOWISE    ,  Mainzer et al. 2014  ApJ  792  30 
 8.817e+13, 2.053e-13, 2.235e-14,  56958.5977,  56958.5977,  ,NEOWISE    ,  Mainzer et al. 2014  ApJ  792  30 
 6.517e+13, 2.286e-13, 3.530e-14,  56958.5977,  56958.5977,  ,NEOWISE    ,  Mainzer et al. 2014  ApJ  792  30 
 8.817e+13, 2.216e-13, 2.560e-14,  57493.1328,  57493.1328,  ,NEOWISE    ,  Mainzer et al. 2014  ApJ  792  30 
 6.517e+13, 1.280e-13, 3.764e-14,  57493.1328,  57493.1328,  ,NEOWISE    ,  Mainzer et al. 2014  ApJ  792  30 
 8.817e+13, 1.442e-13, 2.455e-14,  58422.6133,  58422.6133,  ,NEOWISE    ,  Mainzer et al. 2014  ApJ  792  30 
 6.517e+13, 1.621e-13, 3.415e-14,  58422.6133,  58422.6133,  ,NEOWISE    ,  Mainzer et al. 2014  ApJ  792  30 
 8.817e+13, 2.609e-13, 3.615e-14,  58422.6797,  58422.6797,  ,NEOWISE    ,  Mainzer et al. 2014  ApJ  792  30 
 6.517e+13, 1.470e-13, 0.000e+00,  58422.6797,  58422.6797,UL,NEOWISE     ,  Mainzer et al. 2014  ApJ  792  30 
 8.817e+13, 2.268e-13, 2.470e-14,  58422.6797,  58422.6797,  ,NEOWISE    ,  Mainzer et al. 2014  ApJ  792  30 
 6.517e+13, 1.901e-13, 4.330e-14,  58422.6797,  58422.6797,  ,NEOWISE    ,  Mainzer et al. 2014  ApJ  792  30 
 8.817e+13, 1.922e-13, 2.255e-14,  57320.6602,  57320.6602,  ,NEOWISE    ,  Mainzer et al. 2014  ApJ  792  30 
 6.517e+13, 1.723e-13, 3.130e-14,  57320.6602,  57320.6602,  ,NEOWISE    ,  Mainzer et al. 2014  ApJ  792  30 
 8.817e+13, 2.050e-13, 3.415e-14,  57320.2695,  57320.2695,  ,NEOWISE    ,  Mainzer et al. 2014  ApJ  792  30 
 6.517e+13, 1.880e-13, 5.245e-14,  57320.2695,  57320.2695,  ,NEOWISE    ,  Mainzer et al. 2014  ApJ  792  30 
 8.817e+13, 1.245e-13, 2.635e-14,  57320.3320,  57320.3320,  ,NEOWISE    ,  Mainzer et al. 2014  ApJ  792  30 
 6.517e+13, 1.487e-13, 3.325e-14,  57320.3320,  57320.3320,  ,NEOWISE    ,  Mainzer et al. 2014  ApJ  792  30 
 8.817e+13, 2.210e-13, 2.305e-14,  57320.4648,  57320.4648,  ,NEOWISE    ,  Mainzer et al. 2014  ApJ  792  30 
 6.517e+13, 1.571e-13, 3.950e-14,  57320.4648,  57320.4648,  ,NEOWISE    ,  Mainzer et al. 2014  ApJ  792  30 
 8.817e+13, 2.134e-13, 2.185e-14,  57320.5977,  57320.5977,  ,NEOWISE    ,  Mainzer et al. 2014  ApJ  792  30 
 6.517e+13, 1.509e-13, 5.185e-14,  57320.5977,  57320.5977,  ,NEOWISE    ,  Mainzer et al. 2014  ApJ  792  30 
 8.817e+13, 1.663e-13, 2.320e-14,  57319.7422,  57319.7422,  ,NEOWISE    ,  Mainzer et al. 2014  ApJ  792  30 
 6.517e+13, 1.736e-13, 3.395e-14,  57319.7422,  57319.7422,  ,NEOWISE    ,  Mainzer et al. 2014  ApJ  792  30 
 8.817e+13, 1.893e-13, 2.180e-14,  57319.8750,  57319.8750,  ,NEOWISE    ,  Mainzer et al. 2014  ApJ  792  30 
 6.517e+13, 1.949e-13, 3.590e-14,  57319.8750,  57319.8750,  ,NEOWISE    ,  Mainzer et al. 2014  ApJ  792  30 
 8.817e+13, 2.105e-13, 2.275e-14,  57320.2031,  57320.2031,  ,NEOWISE    ,  Mainzer et al. 2014  ApJ  792  30 
 6.517e+13, 1.277e-13, 3.475e-14,  57320.2031,  57320.2031,  ,NEOWISE    ,  Mainzer et al. 2014  ApJ  792  30 
 8.817e+13, 2.053e-13, 2.485e-14,  57320.8594,  57320.8594,  ,NEOWISE    ,  Mainzer et al. 2014  ApJ  792  30 
 6.517e+13, 1.661e-13, 4.000e-14,  57320.8594,  57320.8594,  ,NEOWISE    ,  Mainzer et al. 2014  ApJ  792  30 
 8.817e+13, 2.510e-13, 2.245e-14,  57320.0039,  57320.0039,  ,NEOWISE    ,  Mainzer et al. 2014  ApJ  792  30 
 6.517e+13, 2.143e-13, 3.330e-14,  57320.0039,  57320.0039,  ,NEOWISE    ,  Mainzer et al. 2014  ApJ  792  30 
 8.817e+13, 1.849e-13, 2.715e-14,  57320.4648,  57320.4648,  ,NEOWISE    ,  Mainzer et al. 2014  ApJ  792  30 
 6.517e+13, 1.550e-13, 3.060e-14,  57320.4648,  57320.4648,  ,NEOWISE    ,  Mainzer et al. 2014  ApJ  792  30 
 8.817e+13, 1.830e-13, 2.110e-14,  57320.9883,  57320.9883,  ,NEOWISE    ,  Mainzer et al. 2014  ApJ  792  30 
 6.517e+13, 1.264e-13, 3.406e-14,  57320.9883,  57320.9883,  ,NEOWISE    ,  Mainzer et al. 2014  ApJ  792  30 
 8.817e+13, 2.061e-13, 2.320e-14,  57320.7266,  57320.7266,  ,NEOWISE    ,  Mainzer et al. 2014  ApJ  792  30 
 6.517e+13, 2.698e-13, 4.395e-14,  57320.7266,  57320.7266,  ,NEOWISE    ,  Mainzer et al. 2014  ApJ  792  30 
 8.817e+13, 1.759e-13, 2.405e-14,  57320.5312,  57320.5312,  ,NEOWISE    ,  Mainzer et al. 2014  ApJ  792  30 
 6.517e+13, 2.328e-13, 3.730e-14,  57320.5312,  57320.5312,  ,NEOWISE    ,  Mainzer et al. 2014  ApJ  792  30 
 8.817e+13, 1.604e-13, 3.035e-14,  57320.3984,  57320.3984,  ,NEOWISE    ,  Mainzer et al. 2014  ApJ  792  30 
 6.517e+13, 1.709e-13, 5.225e-14,  57320.3984,  57320.3984,  ,NEOWISE    ,  Mainzer et al. 2014  ApJ  792  30 
 8.817e+13, 2.202e-13, 2.295e-14,  57320.0703,  57320.0703,  ,NEOWISE    ,  Mainzer et al. 2014  ApJ  792  30 
 6.517e+13, 2.096e-13, 3.590e-14,  57320.0703,  57320.0703,  ,NEOWISE    ,  Mainzer et al. 2014  ApJ  792  30 
 8.817e+13, 2.475e-13, 2.190e-14,  57320.1367,  57320.1367,  ,NEOWISE    ,  Mainzer et al. 2014  ApJ  792  30 
 6.517e+13, 1.802e-13, 4.170e-14,  57320.1367,  57320.1367,  ,NEOWISE    ,  Mainzer et al. 2014  ApJ  792  30 
 8.817e+13, 2.146e-13, 2.240e-14,  57320.5312,  57320.5312,  ,NEOWISE    ,  Mainzer et al. 2014  ApJ  792  30 
 6.517e+13, 2.282e-13, 3.995e-14,  57320.5312,  57320.5312,  ,NEOWISE    ,  Mainzer et al. 2014  ApJ  792  30 
 8.817e+13, 1.977e-13, 2.590e-14,  59511.2031,  59511.2031,  ,NEOWISE    ,  Mainzer et al. 2014  ApJ  792  30 
 6.517e+13, 2.032e-13, 4.820e-14,  59511.2031,  59511.2031,  ,NEOWISE    ,  Mainzer et al. 2014  ApJ  792  30 
 8.817e+13, 1.975e-13, 2.205e-14,  59511.2656,  59511.2656,  ,NEOWISE    ,  Mainzer et al. 2014  ApJ  792  30 
 6.517e+13, 1.877e-13, 3.515e-14,  59511.2656,  59511.2656,  ,NEOWISE    ,  Mainzer et al. 2014  ApJ  792  30 
 8.817e+13, 2.247e-13, 3.070e-14,  59511.1367,  59511.1367,  ,NEOWISE    ,  Mainzer et al. 2014  ApJ  792  30 
 6.517e+13, 1.926e-13, 3.620e-14,  59511.1367,  59511.1367,  ,NEOWISE    ,  Mainzer et al. 2014  ApJ  792  30 
 8.817e+13, 1.749e-13, 2.145e-14,  59511.5938,  59511.5938,  ,NEOWISE    ,  Mainzer et al. 2014  ApJ  792  30 
 6.517e+13, 2.081e-13, 4.285e-14,  59511.5938,  59511.5938,  ,NEOWISE    ,  Mainzer et al. 2014  ApJ  792  30 
 8.817e+13, 1.965e-13, 2.300e-14,  59511.9844,  59511.9844,  ,NEOWISE    ,  Mainzer et al. 2014  ApJ  792  30 
 6.517e+13, 1.673e-13, 4.985e-14,  59511.9844,  59511.9844,  ,NEOWISE    ,  Mainzer et al. 2014  ApJ  792  30 
 8.817e+13, 1.251e-13, 2.545e-14,  59510.7461,  59510.7461,  ,NEOWISE    ,  Mainzer et al. 2014  ApJ  792  30 
 6.517e+13, 2.019e-13, 5.130e-14,  59510.7461,  59510.7461,  ,NEOWISE    ,  Mainzer et al. 2014  ApJ  792  30 
 8.817e+13, 1.314e-13, 3.015e-14,  59511.7266,  59511.7266,  ,NEOWISE    ,  Mainzer et al. 2014  ApJ  792  30 
 6.517e+13, 2.458e-13, 4.625e-14,  59511.7266,  59511.7266,  ,NEOWISE    ,  Mainzer et al. 2014  ApJ  792  30 
 8.817e+13, 1.649e-13, 2.425e-14,  59510.6133,  59510.6133,  ,NEOWISE    ,  Mainzer et al. 2014  ApJ  792  30 
 6.517e+13, 1.745e-13, 4.200e-14,  59510.6133,  59510.6133,  ,NEOWISE    ,  Mainzer et al. 2014  ApJ  792  30 
 8.817e+13, 2.208e-13, 2.300e-14,  59511.0703,  59511.0703,  ,NEOWISE    ,  Mainzer et al. 2014  ApJ  792  30 
 6.517e+13, 1.587e-13, 4.305e-14,  59511.0703,  59511.0703,  ,NEOWISE    ,  Mainzer et al. 2014  ApJ  792  30 
 8.817e+13, 2.198e-13, 2.660e-14,  59511.3320,  59511.3320,  ,NEOWISE    ,  Mainzer et al. 2014  ApJ  792  30 
 6.517e+13, 1.365e-13, 0.000e+00,  59511.3320,  59511.3320,UL,NEOWISE     ,  Mainzer et al. 2014  ApJ  792  30 
 8.817e+13, 1.555e-13, 2.270e-14,  59146.7109,  59146.7109,  ,NEOWISE    ,  Mainzer et al. 2014  ApJ  792  30 
 6.517e+13, 1.226e-13, 3.466e-14,  59146.7109,  59146.7109,  ,NEOWISE    ,  Mainzer et al. 2014  ApJ  792  30 
 8.817e+13, 2.063e-13, 3.090e-14,  59146.3828,  59146.3828,  ,NEOWISE    ,  Mainzer et al. 2014  ApJ  792  30 
 6.517e+13, 2.698e-13, 3.690e-14,  59146.3828,  59146.3828,  ,NEOWISE    ,  Mainzer et al. 2014  ApJ  792  30 
 8.817e+13, 2.134e-13, 3.955e-14,  59147.0391,  59147.0391,  ,NEOWISE    ,  Mainzer et al. 2014  ApJ  792  30 
 6.517e+13, 2.440e-13, 4.060e-14,  59147.0391,  59147.0391,  ,NEOWISE    ,  Mainzer et al. 2014  ApJ  792  30 
 8.817e+13, 2.554e-13, 2.380e-14,  59146.8398,  59146.8398,  ,NEOWISE    ,  Mainzer et al. 2014  ApJ  792  30 
 6.517e+13, 1.896e-13, 3.440e-14,  59146.8398,  59146.8398,  ,NEOWISE    ,  Mainzer et al. 2014  ApJ  792  30 
 8.817e+13, 2.583e-13, 2.840e-14,  59146.6445,  59146.6445,  ,NEOWISE    ,  Mainzer et al. 2014  ApJ  792  30 
 6.517e+13, 5.897e-13, 1.308e-13,  59146.6445,  59146.6445,  ,NEOWISE    ,  Mainzer et al. 2014  ApJ  792  30 
 8.817e+13, 2.609e-13, 2.455e-14,  59146.9062,  59146.9062,  ,NEOWISE    ,  Mainzer et al. 2014  ApJ  792  30 
 6.517e+13, 2.356e-13, 4.985e-14,  59146.9062,  59146.9062,  ,NEOWISE    ,  Mainzer et al. 2014  ApJ  792  30 
 8.817e+13, 2.289e-13, 2.195e-14,  59147.2344,  59147.2344,  ,NEOWISE    ,  Mainzer et al. 2014  ApJ  792  30 
 6.517e+13, 1.545e-13, 6.220e-14,  59147.2344,  59147.2344,  ,NEOWISE    ,  Mainzer et al. 2014  ApJ  792  30 
 8.817e+13, 2.084e-13, 2.150e-14,  59146.7773,  59146.7773,  ,NEOWISE    ,  Mainzer et al. 2014  ApJ  792  30 
 6.517e+13, 1.362e-13, 0.000e+00,  59146.7773,  59146.7773,UL,NEOWISE     ,  Mainzer et al. 2014  ApJ  792  30 
 8.817e+13, 2.338e-13, 2.285e-14,  59146.5156,  59146.5156,  ,NEOWISE    ,  Mainzer et al. 2014  ApJ  792  30 
 6.517e+13, 2.147e-13, 3.355e-14,  59146.5156,  59146.5156,  ,NEOWISE    ,  Mainzer et al. 2014  ApJ  792  30 
 8.817e+13, 2.186e-13, 2.280e-14,  59146.9727,  59146.9727,  ,NEOWISE    ,  Mainzer et al. 2014  ApJ  792  30 
 6.517e+13, 1.454e-13, 3.255e-14,  59146.9727,  59146.9727,  ,NEOWISE    ,  Mainzer et al. 2014  ApJ  792  30 
 8.817e+13, 2.121e-13, 2.490e-14,  59147.3633,  59147.3633,  ,NEOWISE    ,  Mainzer et al. 2014  ApJ  792  30 
 6.517e+13, 1.124e-13, 4.511e-14,  59147.3633,  59147.3633,  ,NEOWISE    ,  Mainzer et al. 2014  ApJ  792  30 
 8.817e+13, 1.329e-13, 2.190e-14,  59147.1016,  59147.1016,  ,NEOWISE    ,  Mainzer et al. 2014  ApJ  792  30 
 6.517e+13, 1.314e-13, 3.590e-14,  59147.1016,  59147.1016,  ,NEOWISE    ,  Mainzer et al. 2014  ApJ  792  30 
 8.817e+13, 1.774e-13, 2.575e-14,  59147.2969,  59147.2969,  ,NEOWISE    ,  Mainzer et al. 2014  ApJ  792  30 
 6.517e+13, 2.069e-13, 3.450e-14,  59147.2969,  59147.2969,  ,NEOWISE    ,  Mainzer et al. 2014  ApJ  792  30 
 8.817e+13, 2.426e-13, 2.240e-14,  58208.7461,  58208.7461,  ,NEOWISE    ,  Mainzer et al. 2014  ApJ  792  30 
 6.517e+13, 2.197e-13, 3.310e-14,  58208.7461,  58208.7461,  ,NEOWISE    ,  Mainzer et al. 2014  ApJ  792  30 
 8.817e+13, 1.612e-13, 2.220e-14,  58208.3555,  58208.3555,  ,NEOWISE    ,  Mainzer et al. 2014  ApJ  792  30 
 6.517e+13, 1.773e-13, 3.850e-14,  58208.3555,  58208.3555,  ,NEOWISE    ,  Mainzer et al. 2014  ApJ  792  30 
 8.817e+13, 2.090e-13, 2.235e-14,  58209.0078,  58209.0078,  ,NEOWISE    ,  Mainzer et al. 2014  ApJ  792  30 
 6.517e+13, 2.751e-13, 4.220e-14,  58209.0078,  58209.0078,  ,NEOWISE    ,  Mainzer et al. 2014  ApJ  792  30 
 8.817e+13, 2.480e-13, 2.405e-14,  58208.6172,  58208.6172,  ,NEOWISE    ,  Mainzer et al. 2014  ApJ  792  30 
 6.517e+13, 2.045e-13, 3.330e-14,  58208.6172,  58208.6172,  ,NEOWISE    ,  Mainzer et al. 2014  ApJ  792  30 
 8.817e+13, 2.426e-13, 4.020e-14,  58208.6172,  58208.6172,  ,NEOWISE    ,  Mainzer et al. 2014  ApJ  792  30 
 6.517e+13, 1.123e-13, 3.517e-14,  58208.6172,  58208.6172,  ,NEOWISE    ,  Mainzer et al. 2014  ApJ  792  30 
 8.817e+13, 1.675e-13, 2.370e-14,  58208.8789,  58208.8789,  ,NEOWISE    ,  Mainzer et al. 2014  ApJ  792  30 
 6.517e+13, 1.375e-13, 4.708e-14,  58208.8789,  58208.8789,  ,NEOWISE    ,  Mainzer et al. 2014  ApJ  792  30 
 8.817e+13, 2.475e-13, 2.355e-14,  58209.0742,  58209.0742,  ,NEOWISE    ,  Mainzer et al. 2014  ApJ  792  30 
 6.517e+13, 1.880e-13, 3.205e-14,  58209.0742,  58209.0742,  ,NEOWISE    ,  Mainzer et al. 2014  ApJ  792  30 
 8.817e+13, 2.575e-13, 2.280e-14,  58209.1406,  58209.1406,  ,NEOWISE    ,  Mainzer et al. 2014  ApJ  792  30 
 6.517e+13, 1.947e-13, 3.625e-14,  58209.1406,  58209.1406,  ,NEOWISE    ,  Mainzer et al. 2014  ApJ  792  30 
 8.817e+13, 1.869e-13, 2.190e-14,  58209.2070,  58209.2070,  ,NEOWISE    ,  Mainzer et al. 2014  ApJ  792  30 
 6.517e+13, 1.544e-13, 3.400e-14,  58209.2070,  58209.2070,  ,NEOWISE    ,  Mainzer et al. 2014  ApJ  792  30 
 8.817e+13, 1.515e-13, 3.090e-14,  58208.8125,  58208.8125,  ,NEOWISE    ,  Mainzer et al. 2014  ApJ  792  30 
 6.517e+13, 1.882e-13, 3.750e-14,  58208.8125,  58208.8125,  ,NEOWISE    ,  Mainzer et al. 2014  ApJ  792  30 
 8.817e+13, 2.237e-13, 2.975e-14,  58208.9453,  58208.9453,  ,NEOWISE    ,  Mainzer et al. 2014  ApJ  792  30 
 6.517e+13, 2.069e-13, 3.740e-14,  58208.9453,  58208.9453,  ,NEOWISE    ,  Mainzer et al. 2014  ApJ  792  30 
 8.817e+13, 1.770e-13, 2.225e-14,  58209.3359,  58209.3359,  ,NEOWISE    ,  Mainzer et al. 2014  ApJ  792  30 
 6.517e+13, 1.498e-13, 4.855e-14,  58209.3359,  58209.3359,  ,NEOWISE    ,  Mainzer et al. 2014  ApJ  792  30 
 8.817e+13, 2.128e-13, 3.585e-14,  58208.6836,  58208.6836,  ,NEOWISE    ,  Mainzer et al. 2014  ApJ  792  30 
 6.517e+13, 2.112e-13, 3.595e-14,  58208.6836,  58208.6836,  ,NEOWISE    ,  Mainzer et al. 2014  ApJ  792  30 
 8.817e+13, 2.312e-13, 2.495e-14,  58208.2227,  58208.2227,  ,NEOWISE    ,  Mainzer et al. 2014  ApJ  792  30 
 6.517e+13, 2.431e-13, 5.345e-14,  58208.2227,  58208.2227,  ,NEOWISE    ,  Mainzer et al. 2014  ApJ  792  30 
 8.817e+13, 2.121e-13, 2.330e-14,  58208.4844,  58208.4844,  ,NEOWISE    ,  Mainzer et al. 2014  ApJ  792  30 
 6.517e+13, 1.752e-13, 3.690e-14,  58208.4844,  58208.4844,  ,NEOWISE    ,  Mainzer et al. 2014  ApJ  792  30 
 8.817e+13, 2.134e-13, 2.520e-14,  57683.5977,  57683.5977,  ,NEOWISE    ,  Mainzer et al. 2014  ApJ  792  30 
 6.517e+13, 2.058e-13, 3.675e-14,  57683.5977,  57683.5977,  ,NEOWISE    ,  Mainzer et al. 2014  ApJ  792  30 
 8.817e+13, 1.563e-13, 2.185e-14,  58937.1094,  58937.1094,  ,NEOWISE    ,  Mainzer et al. 2014  ApJ  792  30 
 6.517e+13, 1.671e-13, 3.675e-14,  58937.1094,  58937.1094,  ,NEOWISE    ,  Mainzer et al. 2014  ApJ  792  30 
 8.817e+13, 2.268e-13, 2.345e-14,  58937.7617,  58937.7617,  ,NEOWISE    ,  Mainzer et al. 2014  ApJ  792  30 
 6.517e+13, 1.891e-13, 3.750e-14,  58937.7617,  58937.7617,  ,NEOWISE    ,  Mainzer et al. 2014  ApJ  792  30 
 8.817e+13, 1.862e-13, 2.580e-14,  58936.9141,  58936.9141,  ,NEOWISE    ,  Mainzer et al. 2014  ApJ  792  30 
 6.517e+13, 2.598e-13, 0.000e+00,  58936.9141,  58936.9141,UL,NEOWISE     ,  Mainzer et al. 2014  ApJ  792  30 
 8.817e+13, 1.906e-13, 3.100e-14,  58937.1719,  58937.1719,  ,NEOWISE    ,  Mainzer et al. 2014  ApJ  792  30 
 6.517e+13, 1.506e-13, 3.230e-14,  58937.1719,  58937.1719,  ,NEOWISE    ,  Mainzer et al. 2014  ApJ  792  30 
 8.817e+13, 2.123e-13, 2.235e-14,  58937.8945,  58937.8945,  ,NEOWISE    ,  Mainzer et al. 2014  ApJ  792  30 
 6.517e+13, 1.211e-13, 3.204e-14,  58937.8945,  58937.8945,  ,NEOWISE    ,  Mainzer et al. 2014  ApJ  792  30 
 8.817e+13, 2.042e-13, 2.335e-14,  58937.5664,  58937.5664,  ,NEOWISE    ,  Mainzer et al. 2014  ApJ  792  30 
 6.517e+13, 1.996e-13, 3.830e-14,  58937.5664,  58937.5664,  ,NEOWISE    ,  Mainzer et al. 2014  ApJ  792  30 
 8.817e+13, 2.014e-13, 2.585e-14,  58937.3047,  58937.3047,  ,NEOWISE    ,  Mainzer et al. 2014  ApJ  792  30 
 6.517e+13, 1.788e-13, 3.950e-14,  58937.3047,  58937.3047,  ,NEOWISE    ,  Mainzer et al. 2014  ApJ  792  30 
 8.817e+13, 1.861e-13, 2.180e-14,  58936.7812,  58936.7812,  ,NEOWISE    ,  Mainzer et al. 2014  ApJ  792  30 
 6.517e+13, 2.037e-13, 3.755e-14,  58936.7812,  58936.7812,  ,NEOWISE    ,  Mainzer et al. 2014  ApJ  792  30 
 8.817e+13, 1.911e-13, 2.205e-14,  58937.6328,  58937.6328,  ,NEOWISE    ,  Mainzer et al. 2014  ApJ  792  30 
 6.517e+13, 1.306e-13, 3.706e-14,  58937.6328,  58937.6328,  ,NEOWISE    ,  Mainzer et al. 2014  ApJ  792  30 
 8.817e+13, 2.285e-13, 2.340e-14,  58937.3711,  58937.3711,  ,NEOWISE    ,  Mainzer et al. 2014  ApJ  792  30 
 6.517e+13, 2.292e-13, 4.915e-14,  58937.3711,  58937.3711,  ,NEOWISE    ,  Mainzer et al. 2014  ApJ  792  30 
 8.817e+13, 1.952e-13, 2.380e-14,  58937.6992,  58937.6992,  ,NEOWISE    ,  Mainzer et al. 2014  ApJ  792  30 
 6.517e+13, 1.650e-13, 4.725e-14,  58937.6992,  58937.6992,  ,NEOWISE    ,  Mainzer et al. 2014  ApJ  792  30 
 8.817e+13, 1.918e-13, 2.300e-14,  58938.0234,  58938.0234,  ,NEOWISE    ,  Mainzer et al. 2014  ApJ  792  30 
 6.517e+13, 1.960e-13, 3.630e-14,  58938.0234,  58938.0234,  ,NEOWISE    ,  Mainzer et al. 2014  ApJ  792  30 
 8.817e+13, 2.162e-13, 2.475e-14,  58937.2383,  58937.2383,  ,NEOWISE    ,  Mainzer et al. 2014  ApJ  792  30 
 6.517e+13, 1.846e-13, 4.395e-14,  58937.2383,  58937.2383,  ,NEOWISE    ,  Mainzer et al. 2014  ApJ  792  30 
 8.817e+13, 2.297e-13, 2.265e-14,  58937.4375,  58937.4375,  ,NEOWISE    ,  Mainzer et al. 2014  ApJ  792  30 
 6.517e+13, 3.329e-13, 4.985e-14,  58937.4375,  58937.4375,  ,NEOWISE    ,  Mainzer et al. 2014  ApJ  792  30 
 8.817e+13, 2.074e-13, 3.570e-14,  58937.0430,  58937.0430,  ,NEOWISE    ,  Mainzer et al. 2014  ApJ  792  30 
 6.517e+13, 2.108e-13, 3.765e-14,  58937.0430,  58937.0430,  ,NEOWISE    ,  Mainzer et al. 2014  ApJ  792  30 
 8.817e+13, 1.977e-13, 2.815e-14,  57125.7227,  57125.7227,  ,NEOWISE    ,  Mainzer et al. 2014  ApJ  792  30 
 6.517e+13, 1.811e-13, 3.765e-14,  57125.7227,  57125.7227,  ,NEOWISE    ,  Mainzer et al. 2014  ApJ  792  30 
 8.817e+13, 2.272e-13, 2.430e-14,  57126.1836,  57126.1836,  ,NEOWISE    ,  Mainzer et al. 2014  ApJ  792  30 
 6.517e+13, 1.156e-13, 4.108e-14,  57126.1836,  57126.1836,  ,NEOWISE    ,  Mainzer et al. 2014  ApJ  792  30 
 8.817e+13, 1.945e-13, 2.695e-14,  57126.4453,  57126.4453,  ,NEOWISE    ,  Mainzer et al. 2014  ApJ  792  30 
 6.517e+13, 2.369e-13, 4.190e-14,  57126.4453,  57126.4453,  ,NEOWISE    ,  Mainzer et al. 2014  ApJ  792  30 
 8.817e+13, 1.945e-13, 2.680e-14,  57126.5781,  57126.5781,  ,NEOWISE    ,  Mainzer et al. 2014  ApJ  792  30 
 6.517e+13, 1.744e-13, 3.280e-14,  57126.5781,  57126.5781,  ,NEOWISE    ,  Mainzer et al. 2014  ApJ  792  30 
 8.817e+13, 1.536e-13, 2.270e-14,  57126.7070,  57126.7070,  ,NEOWISE    ,  Mainzer et al. 2014  ApJ  792  30 
 6.517e+13, 1.880e-13, 3.620e-14,  57126.7070,  57126.7070,  ,NEOWISE    ,  Mainzer et al. 2014  ApJ  792  30 
 8.817e+13, 2.319e-13, 2.615e-14,  57125.4609,  57125.4609,  ,NEOWISE    ,  Mainzer et al. 2014  ApJ  792  30 
 6.517e+13, 1.704e-13, 4.980e-14,  57125.4609,  57125.4609,  ,NEOWISE    ,  Mainzer et al. 2014  ApJ  792  30 
 8.817e+13, 2.289e-13, 2.305e-14,  57125.7891,  57125.7891,  ,NEOWISE    ,  Mainzer et al. 2014  ApJ  792  30 
 6.517e+13, 1.967e-13, 3.515e-14,  57125.7891,  57125.7891,  ,NEOWISE    ,  Mainzer et al. 2014  ApJ  792  30 
 8.817e+13, 1.947e-13, 2.245e-14,  57126.1172,  57126.1172,  ,NEOWISE    ,  Mainzer et al. 2014  ApJ  792  30 
 6.517e+13, 1.987e-13, 4.015e-14,  57126.1172,  57126.1172,  ,NEOWISE    ,  Mainzer et al. 2014  ApJ  792  30 
 8.817e+13, 1.975e-13, 2.390e-14,  57126.2500,  57126.2500,  ,NEOWISE    ,  Mainzer et al. 2014  ApJ  792  30 
 6.517e+13, 2.434e-13, 3.645e-14,  57126.2500,  57126.2500,  ,NEOWISE    ,  Mainzer et al. 2014  ApJ  792  30 
 8.817e+13, 2.061e-13, 2.300e-14,  57125.9219,  57125.9219,  ,NEOWISE    ,  Mainzer et al. 2014  ApJ  792  30 
 6.517e+13, 1.490e-13, 4.210e-14,  57125.9219,  57125.9219,  ,NEOWISE    ,  Mainzer et al. 2014  ApJ  792  30 
 8.817e+13, 2.241e-13, 3.420e-14,  57125.5938,  57125.5938,  ,NEOWISE    ,  Mainzer et al. 2014  ApJ  792  30 
 6.517e+13, 1.650e-13, 4.745e-14,  57125.5938,  57125.5938,  ,NEOWISE    ,  Mainzer et al. 2014  ApJ  792  30 
 8.817e+13, 2.225e-13, 2.670e-14,  57125.9883,  57125.9883,  ,NEOWISE    ,  Mainzer et al. 2014  ApJ  792  30 
 6.517e+13, 1.839e-13, 4.570e-14,  57125.9883,  57125.9883,  ,NEOWISE    ,  Mainzer et al. 2014  ApJ  792  30 
 8.817e+13, 1.883e-13, 3.100e-14,  57126.3164,  57126.3164,  ,NEOWISE    ,  Mainzer et al. 2014  ApJ  792  30 
 6.517e+13, 1.991e-13, 3.615e-14,  57126.3164,  57126.3164,  ,NEOWISE    ,  Mainzer et al. 2014  ApJ  792  30 
 8.817e+13, 2.270e-13, 2.345e-14,  57125.8555,  57125.8555,  ,NEOWISE    ,  Mainzer et al. 2014  ApJ  792  30 
 6.517e+13, 2.296e-13, 4.450e-14,  57125.8555,  57125.8555,  ,NEOWISE    ,  Mainzer et al. 2014  ApJ  792  30 
 8.817e+13, 2.401e-13, 2.505e-14,  57125.7891,  57125.7891,  ,NEOWISE    ,  Mainzer et al. 2014  ApJ  792  30 
 6.517e+13, 2.458e-13, 3.475e-14,  57125.7891,  57125.7891,  ,NEOWISE    ,  Mainzer et al. 2014  ApJ  792  30 
 8.817e+13, 2.121e-13, 2.255e-14,  57126.0508,  57126.0508,  ,NEOWISE    ,  Mainzer et al. 2014  ApJ  792  30 
 6.517e+13, 1.656e-13, 0.000e+00,  57126.0508,  57126.0508,UL,NEOWISE     ,  Mainzer et al. 2014  ApJ  792  30 
 8.817e+13, 2.508e-13, 2.755e-14,  57125.3320,  57125.3320,  ,NEOWISE    ,  Mainzer et al. 2014  ApJ  792  30 
 6.517e+13, 2.108e-13, 3.235e-14,  57125.3320,  57125.3320,  ,NEOWISE    ,  Mainzer et al. 2014  ApJ  792  30 
 8.817e+13, 1.512e-13, 2.645e-14,  59668.3008,  59668.3008,  ,NEOWISE    ,  Mainzer et al. 2014  ApJ  792  30 
 6.517e+13, 1.514e-13, 3.530e-14,  59668.3008,  59668.3008,  ,NEOWISE    ,  Mainzer et al. 2014  ApJ  792  30 
 8.817e+13, 1.735e-13, 2.840e-14,  59668.3633,  59668.3633,  ,NEOWISE    ,  Mainzer et al. 2014  ApJ  792  30 
 6.517e+13, 1.507e-13, 3.900e-14,  59668.3633,  59668.3633,  ,NEOWISE    ,  Mainzer et al. 2014  ApJ  792  30 
 8.817e+13, 1.660e-13, 3.340e-14,  58051.6016,  58051.6016,  ,NEOWISE    ,  Mainzer et al. 2014  ApJ  792  30 
 6.517e+13, 1.350e-13, 3.995e-14,  58051.6016,  58051.6016,  ,NEOWISE    ,  Mainzer et al. 2014  ApJ  792  30 
 8.817e+13, 1.636e-13, 2.310e-14,  58051.2109,  58051.2109,  ,NEOWISE    ,  Mainzer et al. 2014  ApJ  792  30 
 6.517e+13, 2.649e-13, 4.365e-14,  58051.2109,  58051.2109,  ,NEOWISE    ,  Mainzer et al. 2014  ApJ  792  30 
 8.817e+13, 1.600e-13, 2.885e-14,  58051.2773,  58051.2773,  ,NEOWISE    ,  Mainzer et al. 2014  ApJ  792  30 
 6.517e+13, 1.928e-13, 3.155e-14,  58051.2773,  58051.2773,  ,NEOWISE    ,  Mainzer et al. 2014  ApJ  792  30 
 8.817e+13, 2.421e-13, 2.255e-14,  58052.1914,  58052.1914,  ,NEOWISE    ,  Mainzer et al. 2014  ApJ  792  30 
 6.517e+13, 1.350e-13, 3.545e-14,  58052.1914,  58052.1914,  ,NEOWISE    ,  Mainzer et al. 2014  ApJ  792  30 
 8.817e+13, 2.264e-13, 2.485e-14,  58051.4062,  58051.4062,  ,NEOWISE    ,  Mainzer et al. 2014  ApJ  792  30 
 6.517e+13, 2.273e-13, 4.190e-14,  58051.4062,  58051.4062,  ,NEOWISE    ,  Mainzer et al. 2014  ApJ  792  30 
 8.817e+13, 2.132e-13, 2.915e-14,  58051.7344,  58051.7344,  ,NEOWISE    ,  Mainzer et al. 2014  ApJ  792  30 
 6.517e+13, 1.526e-13, 4.915e-14,  58051.7344,  58051.7344,  ,NEOWISE    ,  Mainzer et al. 2014  ApJ  792  30 
 8.817e+13, 1.886e-13, 2.245e-14,  58051.6680,  58051.6680,  ,NEOWISE    ,  Mainzer et al. 2014  ApJ  792  30 
 6.517e+13, 1.544e-13, 4.915e-14,  58051.6680,  58051.6680,  ,NEOWISE    ,  Mainzer et al. 2014  ApJ  792  30 
 8.817e+13, 2.051e-13, 2.255e-14,  58051.4727,  58051.4727,  ,NEOWISE    ,  Mainzer et al. 2014  ApJ  792  30 
 6.517e+13, 1.985e-13, 4.105e-14,  58051.4727,  58051.4727,  ,NEOWISE    ,  Mainzer et al. 2014  ApJ  792  30 
 8.817e+13, 1.624e-13, 2.370e-14,  58051.3398,  58051.3398,  ,NEOWISE    ,  Mainzer et al. 2014  ApJ  792  30 
 6.517e+13, 1.430e-13, 3.335e-14,  58051.3398,  58051.3398,  ,NEOWISE    ,  Mainzer et al. 2014  ApJ  792  30 
 8.817e+13, 2.132e-13, 2.125e-14,  58052.0625,  58052.0625,  ,NEOWISE    ,  Mainzer et al. 2014  ApJ  792  30 
 6.517e+13, 1.739e-13, 3.225e-14,  58052.0625,  58052.0625,  ,NEOWISE    ,  Mainzer et al. 2014  ApJ  792  30 
 8.817e+13, 1.975e-13, 2.390e-14,  58051.3398,  58051.3398,  ,NEOWISE    ,  Mainzer et al. 2014  ApJ  792  30 
 6.517e+13, 1.844e-13, 4.110e-14,  58051.3398,  58051.3398,  ,NEOWISE    ,  Mainzer et al. 2014  ApJ  792  30 
 8.817e+13, 2.319e-13, 2.290e-14,  58050.9492,  58050.9492,  ,NEOWISE    ,  Mainzer et al. 2014  ApJ  792  30 
 6.517e+13, 1.811e-13, 4.020e-14,  58050.9492,  58050.9492,  ,NEOWISE    ,  Mainzer et al. 2014  ApJ  792  30 
 8.817e+13, 2.772e-13, 2.865e-14,  57484.8750,  57484.8750,  ,NEOWISE    ,  Mainzer et al. 2014  ApJ  792  30 
 6.517e+13, 1.702e-13, 4.390e-14,  57484.8750,  57484.8750,  ,NEOWISE    ,  Mainzer et al. 2014  ApJ  792  30 
 8.817e+13, 2.146e-13, 2.315e-14,  57484.6133,  57484.6133,  ,NEOWISE    ,  Mainzer et al. 2014  ApJ  792  30 
 6.517e+13, 1.512e-13, 0.000e+00,  57484.6133,  57484.6133,UL,NEOWISE     ,  Mainzer et al. 2014  ApJ  792  30 
 8.817e+13, 1.743e-13, 2.370e-14,  57485.0039,  57485.0039,  ,NEOWISE    ,  Mainzer et al. 2014  ApJ  792  30 
 6.517e+13, 1.186e-13, 3.413e-14,  57485.0039,  57485.0039,  ,NEOWISE    ,  Mainzer et al. 2014  ApJ  792  30 
 8.817e+13, 1.546e-13, 2.270e-14,  57485.0039,  57485.0039,  ,NEOWISE    ,  Mainzer et al. 2014  ApJ  792  30 
 6.517e+13, 1.826e-13, 3.075e-14,  57485.0039,  57485.0039,  ,NEOWISE    ,  Mainzer et al. 2014  ApJ  792  30 
 8.817e+13, 1.671e-13, 2.500e-14,  57485.2031,  57485.2031,  ,NEOWISE    ,  Mainzer et al. 2014  ApJ  792  30 
 6.517e+13, 2.209e-13, 3.660e-14,  57485.2031,  57485.2031,  ,NEOWISE    ,  Mainzer et al. 2014  ApJ  792  30 
 8.817e+13, 2.055e-13, 3.190e-14,  57484.9414,  57484.9414,  ,NEOWISE    ,  Mainzer et al. 2014  ApJ  792  30 
 6.517e+13, 1.831e-13, 3.050e-14,  57484.9414,  57484.9414,  ,NEOWISE    ,  Mainzer et al. 2014  ApJ  792  30 
 8.817e+13, 2.533e-13, 2.735e-14,  57484.6797,  57484.6797,  ,NEOWISE    ,  Mainzer et al. 2014  ApJ  792  30 
 6.517e+13, 1.723e-13, 3.580e-14,  57484.6797,  57484.6797,  ,NEOWISE    ,  Mainzer et al. 2014  ApJ  792  30 
 8.817e+13, 1.411e-13, 2.205e-14,  57485.5938,  57485.5938,  ,NEOWISE    ,  Mainzer et al. 2014  ApJ  792  30 
 6.517e+13, 2.179e-13, 3.285e-14,  57485.5938,  57485.5938,  ,NEOWISE    ,  Mainzer et al. 2014  ApJ  792  30 
 8.817e+13, 1.968e-13, 2.360e-14,  57485.4648,  57485.4648,  ,NEOWISE    ,  Mainzer et al. 2014  ApJ  792  30 
 6.517e+13, 1.419e-13, 3.310e-14,  57485.4648,  57485.4648,  ,NEOWISE    ,  Mainzer et al. 2014  ApJ  792  30 
 8.817e+13, 2.489e-13, 2.295e-14,  57485.3320,  57485.3320,  ,NEOWISE    ,  Mainzer et al. 2014  ApJ  792  30 
 6.517e+13, 2.620e-13, 4.730e-14,  57485.3320,  57485.3320,  ,NEOWISE    ,  Mainzer et al. 2014  ApJ  792  30 
 8.817e+13, 2.020e-13, 2.445e-14,  57485.1367,  57485.1367,  ,NEOWISE    ,  Mainzer et al. 2014  ApJ  792  30 
 6.517e+13, 1.428e-13, 3.560e-14,  57485.1367,  57485.1367,  ,NEOWISE    ,  Mainzer et al. 2014  ApJ  792  30 
 8.817e+13, 1.717e-13, 2.205e-14,  57485.2695,  57485.2695,  ,NEOWISE    ,  Mainzer et al. 2014  ApJ  792  30 
 6.517e+13, 2.307e-13, 3.155e-14,  57485.2695,  57485.2695,  ,NEOWISE    ,  Mainzer et al. 2014  ApJ  792  30 
 8.817e+13, 1.787e-13, 2.125e-14,  57484.8086,  57484.8086,  ,NEOWISE    ,  Mainzer et al. 2014  ApJ  792  30 
 6.517e+13, 1.541e-13, 3.215e-14,  57484.8086,  57484.8086,  ,NEOWISE    ,  Mainzer et al. 2014  ApJ  792  30 
 8.817e+13, 2.214e-13, 2.415e-14,  57484.7422,  57484.7422,  ,NEOWISE    ,  Mainzer et al. 2014  ApJ  792  30 
 6.517e+13, 1.928e-13, 5.085e-14,  57484.7422,  57484.7422,  ,NEOWISE    ,  Mainzer et al. 2014  ApJ  792  30 
 8.817e+13, 1.880e-13, 2.100e-14,  57485.0703,  57485.0703,  ,NEOWISE    ,  Mainzer et al. 2014  ApJ  792  30 
 6.517e+13, 2.120e-13, 3.455e-14,  57485.0703,  57485.0703,  ,NEOWISE    ,  Mainzer et al. 2014  ApJ  792  30 
 8.817e+13, 1.785e-13, 2.160e-14,  58209.5977,  58209.5977,  ,NEOWISE    ,  Mainzer et al. 2014  ApJ  792  30 
 6.517e+13, 2.151e-13, 3.885e-14,  58209.5977,  58209.5977,  ,NEOWISE    ,  Mainzer et al. 2014  ApJ  792  30 
 8.817e+13, 2.375e-13, 4.000e-14,  58209.4688,  58209.4688,  ,NEOWISE    ,  Mainzer et al. 2014  ApJ  792  30 
 6.517e+13, 2.693e-13, 3.985e-14,  58209.4688,  58209.4688,  ,NEOWISE    ,  Mainzer et al. 2014  ApJ  792  30 
 8.817e+13, 2.587e-13, 2.315e-14,  59147.6250,  59147.6250,  ,NEOWISE    ,  Mainzer et al. 2014  ApJ  792  30 
 6.517e+13, 2.447e-13, 4.670e-14,  59147.6250,  59147.6250,  ,NEOWISE    ,  Mainzer et al. 2014  ApJ  792  30 
 8.817e+13, 2.408e-13, 2.335e-14,  59147.4961,  59147.4961,  ,NEOWISE    ,  Mainzer et al. 2014  ApJ  792  30 
 6.517e+13, 2.032e-13, 4.185e-14,  59147.4961,  59147.4961,  ,NEOWISE    ,  Mainzer et al. 2014  ApJ  792  30 
 8.817e+13, 2.188e-13, 2.120e-14,  59147.7578,  59147.7578,  ,NEOWISE    ,  Mainzer et al. 2014  ApJ  792  30 
 6.517e+13, 1.568e-13, 3.230e-14,  59147.7578,  59147.7578,  ,NEOWISE    ,  Mainzer et al. 2014  ApJ  792  30 
 8.817e+13, 2.312e-13, 2.520e-14,  57484.3516,  57484.3516,  ,NEOWISE    ,  Mainzer et al. 2014  ApJ  792  30 
 6.517e+13, 2.252e-13, 3.565e-14,  57484.3516,  57484.3516,  ,NEOWISE    ,  Mainzer et al. 2014  ApJ  792  30 
 8.817e+13, 9.765e-14, 2.894e-14,  58942.2734,  58942.2734,  ,NEOWISE    ,  Mainzer et al. 2014  ApJ  792  30 
 6.517e+13, 1.667e-13, 3.905e-14,  58942.2734,  58942.2734,  ,NEOWISE    ,  Mainzer et al. 2014  ApJ  792  30 
 8.817e+13, 1.413e-13, 2.195e-14,  59515.9727,  59515.9727,  ,NEOWISE    ,  Mainzer et al. 2014  ApJ  792  30 
 6.517e+13, 1.748e-13, 0.000e+00,  59515.9727,  59515.9727,UL,NEOWISE     ,  Mainzer et al. 2014  ApJ  792  30 
 8.817e+13, 2.366e-13, 2.380e-14,  59516.0391,  59516.0391,  ,NEOWISE    ,  Mainzer et al. 2014  ApJ  792  30 
 6.517e+13, 1.967e-13, 3.660e-14,  59516.0391,  59516.0391,  ,NEOWISE    ,  Mainzer et al. 2014  ApJ  792  30 
 8.817e+13, 2.692e-13, 2.605e-14,  59878.6328,  59878.6328,  ,NEOWISE    ,  Mainzer et al. 2014  ApJ  792  30 
 6.517e+13, 2.238e-13, 4.400e-14,  59878.6328,  59878.6328,  ,NEOWISE    ,  Mainzer et al. 2014  ApJ  792  30 
 8.817e+13, 1.743e-13, 2.320e-14,  59878.1094,  59878.1094,  ,NEOWISE    ,  Mainzer et al. 2014  ApJ  792  30 
 6.517e+13, 2.387e-13, 4.560e-14,  59878.1094,  59878.1094,  ,NEOWISE    ,  Mainzer et al. 2014  ApJ  792  30 
 8.817e+13, 1.886e-13, 2.665e-14,  59878.9570,  59878.9570,  ,NEOWISE    ,  Mainzer et al. 2014  ApJ  792  30 
 6.517e+13, 1.276e-13, 3.618e-14,  59878.9570,  59878.9570,  ,NEOWISE    ,  Mainzer et al. 2014  ApJ  792  30 
 8.817e+13, 1.890e-13, 2.335e-14,  59877.8477,  59877.8477,  ,NEOWISE    ,  Mainzer et al. 2014  ApJ  792  30 
 6.517e+13, 2.259e-13, 3.155e-14,  59877.8477,  59877.8477,  ,NEOWISE    ,  Mainzer et al. 2014  ApJ  792  30 
 8.817e+13, 2.450e-13, 2.490e-14,  59878.8281,  59878.8281,  ,NEOWISE    ,  Mainzer et al. 2014  ApJ  792  30 
 6.517e+13, 2.209e-13, 3.845e-14,  59878.8281,  59878.8281,  ,NEOWISE    ,  Mainzer et al. 2014  ApJ  792  30 
 8.817e+13, 1.702e-13, 2.090e-14,  59878.2422,  59878.2422,  ,NEOWISE    ,  Mainzer et al. 2014  ApJ  792  30 
 6.517e+13, 1.684e-13, 5.405e-14,  59878.2422,  59878.2422,  ,NEOWISE    ,  Mainzer et al. 2014  ApJ  792  30 
 8.817e+13, 2.178e-13, 2.310e-14,  59878.5664,  59878.5664,  ,NEOWISE    ,  Mainzer et al. 2014  ApJ  792  30 
 6.517e+13, 2.280e-13, 4.200e-14,  59878.5664,  59878.5664,  ,NEOWISE    ,  Mainzer et al. 2014  ApJ  792  30 
 8.817e+13, 1.625e-13, 2.175e-14,  59877.7188,  59877.7188,  ,NEOWISE    ,  Mainzer et al. 2014  ApJ  792  30 
 6.517e+13, 2.242e-13, 4.280e-14,  59877.7188,  59877.7188,  ,NEOWISE    ,  Mainzer et al. 2014  ApJ  792  30 
 8.817e+13, 1.708e-13, 2.430e-14,  59878.4336,  59878.4336,  ,NEOWISE    ,  Mainzer et al. 2014  ApJ  792  30 
 6.517e+13, 1.580e-13, 3.595e-14,  59878.4336,  59878.4336,  ,NEOWISE    ,  Mainzer et al. 2014  ApJ  792  30 
 8.817e+13, 2.172e-13, 2.870e-14,  59878.3711,  59878.3711,  ,NEOWISE    ,  Mainzer et al. 2014  ApJ  792  30 
 6.517e+13, 2.009e-13, 5.165e-14,  59878.3711,  59878.3711,  ,NEOWISE    ,  Mainzer et al. 2014  ApJ  792  30 
 8.817e+13, 1.733e-13, 2.665e-14,  59878.5000,  59878.5000,  ,NEOWISE    ,  Mainzer et al. 2014  ApJ  792  30 
 6.517e+13, 1.571e-13, 3.950e-14,  59878.5000,  59878.5000,  ,NEOWISE    ,  Mainzer et al. 2014  ApJ  792  30 
 8.817e+13, 2.036e-13, 2.125e-14,  59879.0859,  59879.0859,  ,NEOWISE    ,  Mainzer et al. 2014  ApJ  792  30 
 6.517e+13, 1.801e-13, 3.165e-14,  59879.0859,  59879.0859,  ,NEOWISE    ,  Mainzer et al. 2014  ApJ  792  30 
 8.817e+13, 1.867e-13, 2.380e-14,  59878.3047,  59878.3047,  ,NEOWISE    ,  Mainzer et al. 2014  ApJ  792  30 
 6.517e+13, 1.679e-13, 3.805e-14,  59878.3047,  59878.3047,  ,NEOWISE    ,  Mainzer et al. 2014  ApJ  792  30 
 8.817e+13, 1.966e-13, 2.630e-14,  59878.1758,  59878.1758,  ,NEOWISE    ,  Mainzer et al. 2014  ApJ  792  30 
 6.517e+13, 1.962e-13, 4.040e-14,  59878.1758,  59878.1758,  ,NEOWISE    ,  Mainzer et al. 2014  ApJ  792  30 
 8.817e+13, 2.113e-13, 2.830e-14,  59878.6953,  59878.6953,  ,NEOWISE    ,  Mainzer et al. 2014  ApJ  792  30 
 6.517e+13, 1.342e-13, 5.004e-14,  59878.6953,  59878.6953,  ,NEOWISE    ,  Mainzer et al. 2014  ApJ  792  30 
 8.817e+13, 1.832e-13, 2.300e-14,  59877.9805,  59877.9805,  ,NEOWISE    ,  Mainzer et al. 2014  ApJ  792  30 
 6.517e+13, 2.303e-13, 4.270e-14,  59877.9805,  59877.9805,  ,NEOWISE    ,  Mainzer et al. 2014  ApJ  792  30 
 8.817e+13, 1.947e-13, 2.320e-14,  59669.0820,  59669.0820,  ,NEOWISE    ,  Mainzer et al. 2014  ApJ  792  30 
 6.517e+13, 1.207e-13, 3.915e-14,  59669.0820,  59669.0820,  ,NEOWISE    ,  Mainzer et al. 2014  ApJ  792  30 
 8.817e+13, 2.040e-13, 3.535e-14,  59667.9727,  59667.9727,  ,NEOWISE    ,  Mainzer et al. 2014  ApJ  792  30 
 6.517e+13, 1.921e-13, 3.975e-14,  59667.9727,  59667.9727,  ,NEOWISE    ,  Mainzer et al. 2014  ApJ  792  30 
 8.817e+13, 2.001e-13, 2.945e-14,  59668.6914,  59668.6914,  ,NEOWISE    ,  Mainzer et al. 2014  ApJ  792  30 
 6.517e+13, 2.226e-13, 4.685e-14,  59668.6914,  59668.6914,  ,NEOWISE    ,  Mainzer et al. 2014  ApJ  792  30 
 8.817e+13, 2.279e-13, 2.205e-14,  59668.8867,  59668.8867,  ,NEOWISE    ,  Mainzer et al. 2014  ApJ  792  30 
 6.517e+13, 2.242e-13, 3.755e-14,  59668.8867,  59668.8867,  ,NEOWISE    ,  Mainzer et al. 2014  ApJ  792  30 
 8.817e+13, 1.880e-13, 2.080e-14,  59668.2344,  59668.2344,  ,NEOWISE    ,  Mainzer et al. 2014  ApJ  792  30 
 6.517e+13, 1.984e-13, 3.285e-14,  59668.2344,  59668.2344,  ,NEOWISE    ,  Mainzer et al. 2014  ApJ  792  30 
 8.817e+13, 2.535e-13, 3.140e-14,  59667.9727,  59667.9727,  ,NEOWISE    ,  Mainzer et al. 2014  ApJ  792  30 
 6.517e+13, 2.361e-13, 4.550e-14,  59667.9727,  59667.9727,  ,NEOWISE    ,  Mainzer et al. 2014  ApJ  792  30 
 8.817e+13, 2.415e-13, 2.920e-14,  59668.5586,  59668.5586,  ,NEOWISE    ,  Mainzer et al. 2014  ApJ  792  30 
 6.517e+13, 1.543e-13, 3.570e-14,  59668.5586,  59668.5586,  ,NEOWISE    ,  Mainzer et al. 2014  ApJ  792  30 
 8.817e+13, 2.008e-13, 2.395e-14,  59668.7578,  59668.7578,  ,NEOWISE    ,  Mainzer et al. 2014  ApJ  792  30 
 6.517e+13, 1.846e-13, 3.300e-14,  59668.7578,  59668.7578,  ,NEOWISE    ,  Mainzer et al. 2014  ApJ  792  30 
 8.817e+13, 2.227e-13, 2.320e-14,  59668.9531,  59668.9531,  ,NEOWISE    ,  Mainzer et al. 2014  ApJ  792  30 
 6.517e+13, 1.865e-13, 7.600e-14,  59668.9531,  59668.9531,  ,NEOWISE    ,  Mainzer et al. 2014  ApJ  792  30 
 8.817e+13, 1.738e-13, 2.650e-14,  59668.6250,  59668.6250,  ,NEOWISE    ,  Mainzer et al. 2014  ApJ  792  30 
 6.517e+13, 1.910e-13, 3.325e-14,  59668.6250,  59668.6250,  ,NEOWISE    ,  Mainzer et al. 2014  ApJ  792  30 
 8.817e+13, 2.040e-13, 2.200e-14,  59668.4297,  59668.4297,  ,NEOWISE    ,  Mainzer et al. 2014  ApJ  792  30 
 6.517e+13, 1.461e-13, 4.540e-14,  59668.4297,  59668.4297,  ,NEOWISE    ,  Mainzer et al. 2014  ApJ  792  30 
 8.817e+13, 2.014e-13, 2.960e-14,  59668.1016,  59668.1016,  ,NEOWISE    ,  Mainzer et al. 2014  ApJ  792  30 
 6.517e+13, 3.050e-13, 3.770e-14,  59668.1016,  59668.1016,  ,NEOWISE    ,  Mainzer et al. 2014  ApJ  792  30 
 8.817e+13, 2.471e-13, 2.875e-14,  59668.8203,  59668.8203,  ,NEOWISE    ,  Mainzer et al. 2014  ApJ  792  30 
 6.517e+13, 2.250e-13, 4.570e-14,  59668.8203,  59668.8203,  ,NEOWISE    ,  Mainzer et al. 2014  ApJ  792  30 
 8.817e+13, 2.890e-13, 2.425e-14,  59669.2109,  59669.2109,  ,NEOWISE    ,  Mainzer et al. 2014  ApJ  792  30 
 6.517e+13, 1.434e-13, 3.920e-14,  59669.2109,  59669.2109,  ,NEOWISE    ,  Mainzer et al. 2014  ApJ  792  30 
 8.817e+13, 2.057e-13, 2.165e-14,  59668.5586,  59668.5586,  ,NEOWISE    ,  Mainzer et al. 2014  ApJ  792  30 
 6.517e+13, 1.389e-13, 4.610e-14,  59668.5586,  59668.5586,  ,NEOWISE    ,  Mainzer et al. 2014  ApJ  792  30 
 8.817e+13, 2.412e-13, 2.380e-14,  58573.0234,  58573.0234,  ,NEOWISE    ,  Mainzer et al. 2014  ApJ  792  30 
 6.517e+13, 1.900e-13, 3.590e-14,  58573.0234,  58573.0234,  ,NEOWISE    ,  Mainzer et al. 2014  ApJ  792  30 
 8.817e+13, 1.677e-13, 3.360e-14,  58573.2852,  58573.2852,  ,NEOWISE    ,  Mainzer et al. 2014  ApJ  792  30 
 6.517e+13, 2.518e-13, 4.570e-14,  58573.2852,  58573.2852,  ,NEOWISE    ,  Mainzer et al. 2014  ApJ  792  30 
 8.817e+13, 2.276e-13, 3.005e-14,  58573.2188,  58573.2188,  ,NEOWISE    ,  Mainzer et al. 2014  ApJ  792  30 
 6.517e+13, 1.458e-13, 3.690e-14,  58573.2188,  58573.2188,  ,NEOWISE    ,  Mainzer et al. 2014  ApJ  792  30 
 8.817e+13, 2.373e-13, 2.345e-14,  59304.0703,  59304.0703,  ,NEOWISE    ,  Mainzer et al. 2014  ApJ  792  30 
 6.517e+13, 2.458e-13, 3.775e-14,  59304.0703,  59304.0703,  ,NEOWISE    ,  Mainzer et al. 2014  ApJ  792  30 
 8.817e+13, 2.684e-13, 3.420e-14,  59304.5938,  59304.5938,  ,NEOWISE    ,  Mainzer et al. 2014  ApJ  792  30 
 6.517e+13, 2.303e-13, 3.685e-14,  59304.5938,  59304.5938,  ,NEOWISE    ,  Mainzer et al. 2014  ApJ  792  30 
 8.817e+13, 2.142e-13, 3.305e-14,  59304.8555,  59304.8555,  ,NEOWISE    ,  Mainzer et al. 2014  ApJ  792  30 
 6.517e+13, 2.718e-13, 3.415e-14,  59304.8555,  59304.8555,  ,NEOWISE    ,  Mainzer et al. 2014  ApJ  792  30 
 8.817e+13, 2.007e-13, 2.260e-14,  59305.1172,  59305.1172,  ,NEOWISE    ,  Mainzer et al. 2014  ApJ  792  30 
 6.517e+13, 1.796e-13, 3.295e-14,  59305.1172,  59305.1172,  ,NEOWISE    ,  Mainzer et al. 2014  ApJ  792  30 
 8.817e+13, 2.614e-13, 2.240e-14,  59303.7422,  59303.7422,  ,NEOWISE    ,  Mainzer et al. 2014  ApJ  792  30 
 6.517e+13, 1.538e-13, 4.585e-14,  59303.7422,  59303.7422,  ,NEOWISE    ,  Mainzer et al. 2014  ApJ  792  30 
 8.817e+13, 2.016e-13, 2.100e-14,  59304.2656,  59304.2656,  ,NEOWISE    ,  Mainzer et al. 2014  ApJ  792  30 
 6.517e+13, 2.058e-13, 3.985e-14,  59304.2656,  59304.2656,  ,NEOWISE    ,  Mainzer et al. 2014  ApJ  792  30 
 8.817e+13, 2.034e-13, 2.915e-14,  59304.5273,  59304.5273,  ,NEOWISE    ,  Mainzer et al. 2014  ApJ  792  30 
 6.517e+13, 1.973e-13, 3.545e-14,  59304.5273,  59304.5273,  ,NEOWISE    ,  Mainzer et al. 2014  ApJ  792  30 
 8.817e+13, 2.150e-13, 2.280e-14,  59304.9844,  59304.9844,  ,NEOWISE    ,  Mainzer et al. 2014  ApJ  792  30 
 6.517e+13, 1.886e-13, 3.335e-14,  59304.9844,  59304.9844,  ,NEOWISE    ,  Mainzer et al. 2014  ApJ  792  30 
 8.817e+13, 2.457e-13, 2.470e-14,  59304.4609,  59304.4609,  ,NEOWISE    ,  Mainzer et al. 2014  ApJ  792  30 
 6.517e+13, 1.568e-13, 4.075e-14,  59304.4609,  59304.4609,  ,NEOWISE    ,  Mainzer et al. 2014  ApJ  792  30 
 8.817e+13, 2.517e-13, 2.325e-14,  59303.8750,  59303.8750,  ,NEOWISE    ,  Mainzer et al. 2014  ApJ  792  30 
 6.517e+13, 2.149e-13, 3.115e-14,  59303.8750,  59303.8750,  ,NEOWISE    ,  Mainzer et al. 2014  ApJ  792  30 
 8.817e+13, 2.614e-13, 4.110e-14,  59304.0039,  59304.0039,  ,NEOWISE    ,  Mainzer et al. 2014  ApJ  792  30 
 6.517e+13, 2.369e-13, 3.420e-14,  59304.0039,  59304.0039,  ,NEOWISE    ,  Mainzer et al. 2014  ApJ  792  30 
 8.817e+13, 2.466e-13, 3.510e-14,  59303.8750,  59303.8750,  ,NEOWISE    ,  Mainzer et al. 2014  ApJ  792  30 
 6.517e+13, 1.740e-13, 3.550e-14,  59303.8750,  59303.8750,  ,NEOWISE    ,  Mainzer et al. 2014  ApJ  792  30 
 8.817e+13, 1.470e-13, 2.630e-14,  59304.0703,  59304.0703,  ,NEOWISE    ,  Mainzer et al. 2014  ApJ  792  30 
 6.517e+13, 1.905e-13, 3.635e-14,  59304.0703,  59304.0703,  ,NEOWISE    ,  Mainzer et al. 2014  ApJ  792  30 
 8.817e+13, 2.117e-13, 2.445e-14,  59304.1992,  59304.1992,  ,NEOWISE    ,  Mainzer et al. 2014  ApJ  792  30 
 6.517e+13, 1.779e-13, 4.050e-14,  59304.1992,  59304.1992,  ,NEOWISE    ,  Mainzer et al. 2014  ApJ  792  30 
 8.817e+13, 2.375e-13, 2.325e-14,  59304.7227,  59304.7227,  ,NEOWISE    ,  Mainzer et al. 2014  ApJ  792  30 
 6.517e+13, 1.381e-13, 3.670e-14,  59304.7227,  59304.7227,  ,NEOWISE    ,  Mainzer et al. 2014  ApJ  792  30 
 8.817e+13, 2.382e-13, 2.685e-14,  59304.3320,  59304.3320,  ,NEOWISE    ,  Mainzer et al. 2014  ApJ  792  30 
 6.517e+13, 1.915e-13, 6.430e-14,  59304.3320,  59304.3320,  ,NEOWISE    ,  Mainzer et al. 2014  ApJ  792  30 
 8.817e+13, 2.347e-13, 2.400e-14,  59304.1367,  59304.1367,  ,NEOWISE    ,  Mainzer et al. 2014  ApJ  792  30 
 6.517e+13, 1.974e-13, 4.660e-14,  59304.1367,  59304.1367,  ,NEOWISE    ,  Mainzer et al. 2014  ApJ  792  30 
 8.817e+13, 2.014e-13, 2.210e-14,  59304.3984,  59304.3984,  ,NEOWISE    ,  Mainzer et al. 2014  ApJ  792  30 
 6.517e+13, 1.736e-13, 4.490e-14,  59304.3984,  59304.3984,  ,NEOWISE    ,  Mainzer et al. 2014  ApJ  792  30 
 8.817e+13, 2.014e-13, 2.305e-14,  59304.6602,  59304.6602,  ,NEOWISE    ,  Mainzer et al. 2014  ApJ  792  30 
 6.517e+13, 2.254e-13, 5.110e-14,  59304.6602,  59304.6602,  ,NEOWISE    ,  Mainzer et al. 2014  ApJ  792  30 
 8.817e+13, 2.609e-13, 2.455e-14,  55301.7812,  55301.7812,  ,WISEME    ,  Wright et al. 2010  AJ  140  1868 
 6.517e+13, 1.633e-13, 2.965e-14,  55301.7812,  55301.7812,  ,WISEME    ,  Wright et al. 2010  AJ  140  1868 
 2.498e+13, 4.058e-13, 1.097e-13,  55301.7812,  55301.7812,  ,WISEME    ,  Wright et al. 2010  AJ  140  1868 
 1.363e+13, 7.426e-13, 0.000e+00,  55301.7812,  55301.7812,UL,WISEME     ,  Wright et al. 2010  AJ  140  1868 
 8.817e+13, 1.975e-13, 2.150e-14,  55301.6484,  55301.6484,  ,WISEME    ,  Wright et al. 2010  AJ  140  1868 
 6.517e+13, 2.187e-13, 3.050e-14,  55301.6484,  55301.6484,  ,WISEME    ,  Wright et al. 2010  AJ  140  1868 
 2.498e+13, 2.537e-13, 9.360e-14,  55301.6484,  55301.6484,  ,WISEME    ,  Wright et al. 2010  AJ  140  1868 
 1.363e+13, 1.205e-12, 0.000e+00,  55301.6484,  55301.6484,UL,WISEME     ,  Wright et al. 2010  AJ  140  1868 
 8.817e+13, 2.677e-13, 2.520e-14,  55302.3086,  55302.3086,  ,WISEME    ,  Wright et al. 2010  AJ  140  1868 
 6.517e+13, 2.296e-13, 3.440e-14,  55302.3086,  55302.3086,  ,WISEME    ,  Wright et al. 2010  AJ  140  1868 
 2.498e+13, 2.282e-13, 0.000e+00,  55302.3086,  55302.3086,UL,WISEME     ,  Wright et al. 2010  AJ  140  1868 
 1.363e+13, 1.111e-12, 0.000e+00,  55302.3086,  55302.3086,UL,WISEME     ,  Wright et al. 2010  AJ  140  1868 
 8.817e+13, 1.902e-13, 2.265e-14,  55302.2422,  55302.2422,  ,WISEME    ,  Wright et al. 2010  AJ  140  1868 
 6.517e+13, 1.520e-13, 2.870e-14,  55302.2422,  55302.2422,  ,WISEME    ,  Wright et al. 2010  AJ  140  1868 
 2.498e+13, 4.429e-13, 1.092e-13,  55302.2422,  55302.2422,  ,WISEME    ,  Wright et al. 2010  AJ  140  1868 
 1.363e+13, 1.664e-12, 0.000e+00,  55302.2422,  55302.2422,UL,WISEME     ,  Wright et al. 2010  AJ  140  1868 
 8.817e+13, 2.192e-13, 2.225e-14,  55302.1758,  55302.1758,  ,WISEME    ,  Wright et al. 2010  AJ  140  1868 
 6.517e+13, 1.339e-13, 3.160e-14,  55302.1758,  55302.1758,  ,WISEME    ,  Wright et al. 2010  AJ  140  1868 
 2.498e+13, 2.860e-13, 1.100e-13,  55302.1758,  55302.1758,  ,WISEME    ,  Wright et al. 2010  AJ  140  1868 
 1.363e+13, 1.189e-12, 0.000e+00,  55302.1758,  55302.1758,UL,WISEME     ,  Wright et al. 2010  AJ  140  1868 
 8.817e+13, 2.210e-13, 2.305e-14,  55302.1133,  55302.1133,  ,WISEME    ,  Wright et al. 2010  AJ  140  1868 
 6.517e+13, 2.238e-13, 3.000e-14,  55302.1133,  55302.1133,  ,WISEME    ,  Wright et al. 2010  AJ  140  1868 
 2.498e+13, 2.751e-13, 9.505e-14,  55302.1133,  55302.1133,  ,WISEME    ,  Wright et al. 2010  AJ  140  1868 
 1.363e+13, 9.375e-13, 4.055e-13,  55302.1133,  55302.1133,  ,WISEME    ,  Wright et al. 2010  AJ  140  1868 
 8.817e+13, 2.074e-13, 2.220e-14,  55499.5703,  55499.5703,  ,WISEME    ,  Wright et al. 2010  AJ  140  1868 
 6.517e+13, 1.670e-13, 2.995e-14,  55499.5703,  55499.5703,  ,WISEME    ,  Wright et al. 2010  AJ  140  1868 
 8.817e+13, 2.351e-13, 2.170e-14,  55494.2773,  55494.2773,  ,WISEME    ,  Wright et al. 2010  AJ  140  1868 
 6.517e+13, 1.976e-13, 2.905e-14,  55494.2773,  55494.2773,  ,WISEME    ,  Wright et al. 2010  AJ  140  1868 
 8.817e+13, 1.847e-13, 2.100e-14,  55494.1484,  55494.1484,  ,WISEME    ,  Wright et al. 2010  AJ  140  1868 
 6.517e+13, 1.796e-13, 2.840e-14,  55494.1484,  55494.1484,  ,WISEME    ,  Wright et al. 2010  AJ  140  1868 
 8.817e+13, 1.597e-13, 2.480e-14,  55499.5039,  55499.5039,  ,WISEME    ,  Wright et al. 2010  AJ  140  1868 
 6.517e+13, 1.797e-13, 3.095e-14,  55499.5039,  55499.5039,  ,WISEME    ,  Wright et al. 2010  AJ  140  1868 
 8.817e+13, 2.540e-13, 2.605e-14,  55302.3750,  55302.3750,  ,WISEME    ,  Wright et al. 2010  AJ  140  1868 
 6.517e+13, 1.676e-13, 3.040e-14,  55302.3750,  55302.3750,  ,WISEME    ,  Wright et al. 2010  AJ  140  1868 
 2.498e+13, 2.897e-13, 1.066e-13,  55302.3750,  55302.3750,  ,WISEME    ,  Wright et al. 2010  AJ  140  1868 
 1.363e+13, 1.317e-12, 0.000e+00,  55302.3750,  55302.3750,UL,WISEME     ,  Wright et al. 2010  AJ  140  1868 
 8.817e+13, 2.231e-13, 2.450e-14,  55302.4414,  55302.4414,  ,WISEME    ,  Wright et al. 2010  AJ  140  1868 
 6.517e+13, 1.891e-13, 3.750e-14,  55302.4414,  55302.4414,  ,WISEME    ,  Wright et al. 2010  AJ  140  1868 
 2.498e+13, 3.930e-13, 9.875e-14,  55302.4414,  55302.4414,  ,WISEME    ,  Wright et al. 2010  AJ  140  1868 
 1.363e+13, 1.599e-12, 0.000e+00,  55302.4414,  55302.4414,UL,WISEME     ,  Wright et al. 2010  AJ  140  1868 
 8.817e+13, 2.308e-13, 2.640e-14,  55302.5078,  55302.5078,  ,WISEME    ,  Wright et al. 2010  AJ  140  1868 
 6.517e+13, 2.091e-13, 3.640e-14,  55302.5078,  55302.5078,  ,WISEME    ,  Wright et al. 2010  AJ  140  1868 
 2.498e+13, 3.634e-13, 1.156e-13,  55302.5078,  55302.5078,  ,WISEME    ,  Wright et al. 2010  AJ  140  1868 
 1.363e+13, 9.349e-13, 0.000e+00,  55302.5078,  55302.5078,UL,WISEME     ,  Wright et al. 2010  AJ  140  1868 
 8.817e+13, 2.982e-13, 2.305e-14,  55302.5742,  55302.5742,  ,WISEME    ,  Wright et al. 2010  AJ  140  1868 
 6.517e+13, 2.106e-13, 3.000e-14,  55302.5742,  55302.5742,  ,WISEME    ,  Wright et al. 2010  AJ  140  1868 
 2.498e+13, 2.191e-13, 9.875e-14,  55302.5742,  55302.5742,  ,WISEME    ,  Wright et al. 2010  AJ  140  1868 
 1.363e+13, 1.265e-12, 0.000e+00,  55302.5742,  55302.5742,UL,WISEME     ,  Wright et al. 2010  AJ  140  1868 
 8.817e+13, 2.095e-13, 2.340e-14,  55302.5742,  55302.5742,  ,WISEME    ,  Wright et al. 2010  AJ  140  1868 
 6.517e+13, 2.066e-13, 4.100e-14,  55302.5742,  55302.5742,  ,WISEME    ,  Wright et al. 2010  AJ  140  1868 
 8.817e+13, 2.712e-13, 2.425e-14,  55302.6406,  55302.6406,  ,WISEME    ,  Wright et al. 2010  AJ  140  1868 
 6.517e+13, 1.991e-13, 3.410e-14,  55302.6406,  55302.6406,  ,WISEME    ,  Wright et al. 2010  AJ  140  1868 
 2.498e+13, 3.784e-13, 0.000e+00,  55302.6406,  55302.6406,UL,WISEME     ,  Wright et al. 2010  AJ  140  1868 
 1.363e+13, 1.690e-12, 0.000e+00,  55302.6406,  55302.6406,UL,WISEME     ,  Wright et al. 2010  AJ  140  1868 
 8.817e+13, 2.373e-13, 2.610e-14,  55302.7070,  55302.7070,  ,WISEME    ,  Wright et al. 2010  AJ  140  1868 
 6.517e+13, 1.715e-13, 3.305e-14,  55302.7070,  55302.7070,  ,WISEME    ,  Wright et al. 2010  AJ  140  1868 
 2.498e+13, 3.110e-13, 0.000e+00,  55302.7070,  55302.7070,UL,WISEME     ,  Wright et al. 2010  AJ  140  1868 
 1.363e+13, 1.744e-12, 0.000e+00,  55302.7070,  55302.7070,UL,WISEME     ,  Wright et al. 2010  AJ  140  1868 
 8.817e+13, 2.993e-13, 2.510e-14,  55302.7734,  55302.7734,  ,WISEME    ,  Wright et al. 2010  AJ  140  1868 
 6.517e+13, 2.151e-13, 3.125e-14,  55302.7734,  55302.7734,  ,WISEME    ,  Wright et al. 2010  AJ  140  1868 
 2.498e+13, 4.130e-13, 1.045e-13,  55302.7734,  55302.7734,  ,WISEME    ,  Wright et al. 2010  AJ  140  1868 
 1.363e+13, 9.136e-13, 0.000e+00,  55302.7734,  55302.7734,UL,WISEME     ,  Wright et al. 2010  AJ  140  1868 
 8.817e+13, 2.353e-13, 2.280e-14,  55302.9062,  55302.9062,  ,WISEME    ,  Wright et al. 2010  AJ  140  1868 
 6.517e+13, 1.416e-13, 4.225e-14,  55302.9062,  55302.9062,  ,WISEME    ,  Wright et al. 2010  AJ  140  1868 
 2.498e+13, 3.464e-13, 9.860e-14,  55302.9062,  55302.9062,  ,WISEME    ,  Wright et al. 2010  AJ  140  1868 
 1.363e+13, 9.620e-13, 0.000e+00,  55302.9062,  55302.9062,UL,WISEME     ,  Wright et al. 2010  AJ  140  1868 
 8.817e+13, 2.900e-13, 2.490e-14,  55308.1328,  55308.1328,  ,WISEME    ,  Wright et al. 2010  AJ  140  1868 
 6.517e+13, 2.385e-13, 3.505e-14,  55308.1328,  55308.1328,  ,WISEME    ,  Wright et al. 2010  AJ  140  1868 
 2.498e+13, 3.480e-13, 1.192e-13,  55308.1328,  55308.1328,  ,WISEME    ,  Wright et al. 2010  AJ  140  1868 
 1.363e+13, 1.518e-12, 0.000e+00,  55308.1328,  55308.1328,UL,WISEME     ,  Wright et al. 2010  AJ  140  1868 
 8.817e+13, 2.323e-13, 2.205e-14,  55493.1562,  55493.1562,  ,WISEME    ,  Wright et al. 2010  AJ  140  1868 
 6.517e+13, 1.624e-13, 2.885e-14,  55493.1562,  55493.1562,  ,WISEME    ,  Wright et al. 2010  AJ  140  1868 
 8.817e+13, 2.091e-13, 2.255e-14,  55493.2852,  55493.2852,  ,WISEME    ,  Wright et al. 2010  AJ  140  1868 
 6.517e+13, 1.428e-13, 2.845e-14,  55493.2852,  55493.2852,  ,WISEME    ,  Wright et al. 2010  AJ  140  1868 
 8.817e+13, 1.581e-13, 2.210e-14,  55493.4180,  55493.4180,  ,WISEME    ,  Wright et al. 2010  AJ  140  1868 
 6.517e+13, 2.195e-13, 2.855e-14,  55493.4180,  55493.4180,  ,WISEME    ,  Wright et al. 2010  AJ  140  1868 
 8.817e+13, 2.291e-13, 2.195e-14,  55493.4844,  55493.4844,  ,WISEME    ,  Wright et al. 2010  AJ  140  1868 
 6.517e+13, 1.681e-13, 2.830e-14,  55493.4844,  55493.4844,  ,WISEME    ,  Wright et al. 2010  AJ  140  1868 
 8.817e+13, 2.338e-13, 2.160e-14,  55493.5508,  55493.5508,  ,WISEME    ,  Wright et al. 2010  AJ  140  1868 
 6.517e+13, 2.316e-13, 3.250e-14,  55493.5508,  55493.5508,  ,WISEME    ,  Wright et al. 2010  AJ  140  1868 
 8.817e+13, 2.297e-13, 2.165e-14,  55493.5508,  55493.5508,  ,WISEME    ,  Wright et al. 2010  AJ  140  1868 
 6.517e+13, 1.534e-13, 2.830e-14,  55493.5508,  55493.5508,  ,WISEME    ,  Wright et al. 2010  AJ  140  1868 
 8.817e+13, 2.410e-13, 2.225e-14,  55493.6172,  55493.6172,  ,WISEME    ,  Wright et al. 2010  AJ  140  1868 
 6.517e+13, 1.849e-13, 2.940e-14,  55493.6172,  55493.6172,  ,WISEME    ,  Wright et al. 2010  AJ  140  1868 
 8.817e+13, 2.491e-13, 2.115e-14,  55493.6836,  55493.6836,  ,WISEME    ,  Wright et al. 2010  AJ  140  1868 
 6.517e+13, 1.499e-13, 3.200e-14,  55493.6836,  55493.6836,  ,WISEME    ,  Wright et al. 2010  AJ  140  1868 
 8.817e+13, 1.825e-13, 2.190e-14,  55493.7500,  55493.7500,  ,WISEME    ,  Wright et al. 2010  AJ  140  1868 
 6.517e+13, 1.753e-13, 2.935e-14,  55493.7500,  55493.7500,  ,WISEME    ,  Wright et al. 2010  AJ  140  1868 
 8.817e+13, 2.170e-13, 2.125e-14,  55493.8164,  55493.8164,  ,WISEME    ,  Wright et al. 2010  AJ  140  1868 
 6.517e+13, 1.599e-13, 2.855e-14,  55493.8164,  55493.8164,  ,WISEME    ,  Wright et al. 2010  AJ  140  1868 
 8.817e+13, 1.985e-13, 2.175e-14,  55493.8828,  55493.8828,  ,WISEME    ,  Wright et al. 2010  AJ  140  1868 
 6.517e+13, 1.677e-13, 2.840e-14,  55493.8828,  55493.8828,  ,WISEME    ,  Wright et al. 2010  AJ  140  1868 
 8.817e+13, 1.997e-13, 2.100e-14,  55494.0820,  55494.0820,  ,WISEME    ,  Wright et al. 2010  AJ  140  1868 
 6.517e+13, 1.684e-13, 2.855e-14,  55494.0820,  55494.0820,  ,WISEME    ,  Wright et al. 2010  AJ  140  1868 
 8.817e+13, 1.643e-13, 2.275e-14,  55494.0156,  55494.0156,  ,WISEME    ,  Wright et al. 2010  AJ  140  1868 
 6.517e+13, 1.960e-13, 2.860e-14,  55494.0156,  55494.0156,  ,WISEME    ,  Wright et al. 2010  AJ  140  1868 
 8.817e+13, 1.705e-13, 2.335e-14,  55493.9492,  55493.9492,  ,WISEME    ,  Wright et al. 2010  AJ  140  1868 
 6.517e+13, 2.141e-13, 2.830e-14,  55493.9492,  55493.9492,  ,WISEME    ,  Wright et al. 2010  AJ  140  1868 
 8.817e+13, 1.957e-13, 2.060e-14,  55494.4102,  55494.4102,  ,WISEME    ,  Wright et al. 2010  AJ  140  1868 
 6.517e+13, 2.122e-13, 2.785e-14,  55494.4102,  55494.4102,  ,WISEME    ,  Wright et al. 2010  AJ  140  1868 
 4.455e+14, 1.007e-12, 0.000e+00,  55000.0000,  55000.0000,  ,GAIA    ,  The Gaia Collaboration 2016  A&A  595  A2 
 6.813e+14, 1.827e-12, 7.305e-13,  55000.0000,  55000.0000,  ,HSTGSC    ,  Lasker et al. 2008  AJ  136  735 
 5.451e+14, 1.357e-12, 4.352e-13,  55000.0000,  55000.0000,  ,HSTGSC    ,  Lasker et al. 2008  AJ  136  735 
 6.233e+14, 1.380e-12, 2.400e-14,  55000.0000,  55000.0000,  ,PanSTARRS    ,  Flewelling et al. 2020  ApJS  251  7 
 4.859e+14, 1.253e-12, 1.350e-14,  55000.0000,  55000.0000,  ,PanSTARRS    ,  Flewelling et al. 2020  ApJS  251  7 
 3.987e+14, 1.111e-12, 6.000e-15,  55000.0000,  55000.0000,  ,PanSTARRS    ,  Flewelling et al. 2020  ApJS  251  7 
 3.462e+14, 1.098e-12, 9.000e-15,  55000.0000,  55000.0000,  ,PanSTARRS    ,  Flewelling et al. 2020  ApJS  251  7 
 3.116e+14, 1.034e-12, 2.450e-14,  55000.0000,  55000.0000,  ,PanSTARRS    ,  Flewelling et al. 2020  ApJS  251  7 
 1.295e+15, 2.739e-13, 5.040e-14,  55000.0000,  55000.0000,  ,GALEX    ,  Morrissey et al. 2007  ApJS  173  682 
 4.850e+09, 1.261e-15, 2.520e-16,  55000.0000,  55000.0000,  ,SPECFINDV3    ,  Stein et al.  2021  A&A  655  A17 
 4.850e+09, 1.455e-15, 2.910e-16,  55000.0000,  55000.0000,  ,SPECFINDV3    ,  Stein et al.  2021  A&A  655  A17 
 4.850e+09, 1.407e-15, 3.245e-16,  55000.0000,  55000.0000,  ,SPECFINDV3    ,  Stein et al.  2021  A&A  655  A17 
 1.400e+09, 8.204e-16, 1.680e-16,  55000.0000,  55000.0000,  ,SPECFINDV3    ,  Stein et al.  2021  A&A  655  A17 
 4.885e+09, 1.270e-15, 2.540e-16,  55000.0000,  55000.0000,  ,SPECFINDV3    ,  Stein et al.  2021  A&A  655  A17 
 1.500e+08, 8.595e-17, 1.653e-17,  55000.0000,  55000.0000,  ,SPECFINDV3    ,  Stein et al.  2021  A&A  655  A17 
 8.400e+09, 2.520e-15, 5.040e-16,  55000.0000,  55000.0000,  ,SPECFINDV3    ,  Stein et al.  2021  A&A  655  A17 
